1,0,0,0,0,0,0,0,0,0,0,0,0,0,0,0,0,0,0,0,0,0,0,0,0,0,0,0,0,0,0,0,0,0,0,0,0,0,0,0,0,0,0,0,0,0,0,0,0,0,0,0,0,0,0,0,0,0,0,0,0,0,0,0,0,0,0,0,0,0,0,0,0,0,0,0,0,0,0,0,0,0,0,0,0,0,0,0,0,0,0,0,0,0,0,0,0,0,0,0,0,0,0,0,0,0,0,0,0,0,0,0,0,0,0,0,0,0,0,0,0,0,0,0,0,0,0,0,0,0,0,0,0,0,0,0,0,0,0,0,0,0,0,0,0,0,0,0,0,0,0,0,0,0,0,0,0,0,0,0,0,0,0,0,0,0,0,0,0,0,0,0,0,0,0,0,0,0,0,0
0.388877970109378,0.220929897902819,0.0973991591246856,0.10413197195558,0.0550636534716636,0.0181788302982635,0.00183041975775107,0.010417532369215,0.0121262639500337,0.0110786853801491,0.0108280494256428,0.0134389767578779,0.166156152487084,0.096037505867161,0.0619324570574248,0.0581677163222138,0.0213218020845201,0.0133663578787664,0.0251007656764195,0.0322370555261612,0.0312373214774089,0.0205977835383246,0.00850451810699052,0.012754702442789,0.0668842762922002,0.0275467653608161,0.000651420802315922,0.00159993948739898,0.00184355758129323,0.00174055413674993,0.00113242671810081,0.000932090556249273,0.000533072072097476,0.000991415205530626,0.00029097539960673,0.000506958096316177,0.0543606850211686,0.0266647590305094,0.000943331948019105,0.000626921193889489,0.00180296439388329,0.00125725970373987,0.000634746545754591,0.000436897957144468,0.000434938062809978,0.000966180457759481,6.39511227475579e-05,0.00111997194095121,0.0940134991182701,0.0731556642790956,0.073927978459188,0.05027253644633,0.038477708272831,0.0353524785016698,0.0243518948965838,0.0236239195833894,0.0288539645685575,0.0234590462080933,0.0208062308218695,0.0171514363857324,0.050737705962267,0.0597636261140561,0.105480290444762,0.0518855257280086,0.0364069873964981,0.0518379803280142,0.0459911066190373,0.0495570451562625,0.0442965717330201,0.0399762940503803,0.0305184342853078,0.025563833358441,0.280247326116692,0.143206711487654,0.0179831514794884,0.0146131063442043,0.0112599530266035,0.00328571105357679,0.000570977106847139,0.0128985899201627,0.0113479876403622,0.0126185602789658,0.0115290863677674,0.00975801131569026,0.381894675315129,0.222642025054885,0.0898598361847611,0.0660288563779632,0.0427427319073658,0.0199223426310912,0.0125616425120861,0.017988221944052,0.0172672165062219,0.0109425847398018,0.00586035728746781,0.00960044256402871,0.166929513057898,0.0913401263585631,0.0506825880321852,0.0553281026347425,0.0266026935092067,0.00988268035229268,0.0118109639342695,0.0257697927760733,0.0333880597351169,0.0329909519679418,0.0281868532266446,0.0261751144435645,0.0667658391460694,0.0285997771236744,0.00245082215825714,0.00159395364715525,0.00187053165585459,0.00239527665706504,0.00151395709540758,0.000626972329154809,0.00012539015600852,0.000728595999567567,0.000115313537529537,0.00104368646717424,0.0700224959339098,0.0327339552296712,0.00321739090536171,0.00123298067943124,0.000219684422024651,0.0014071083368751,0.00214861830427292,0.000690129497448232,0.000544361791837352,0.00117743694092128,0.00109975082904978,0.000805299733469397,0.119915656651207,0.0611201882050733,0.0489179470039727,0.0326555459271092,0.0203999788869788,0.0115717862784619,0.00743500469401987,0.00997453751846032,0.0122547159507355,0.00713339323268476,0.00356186989378761,0.00494998018261906,0.118321121080334,0.0786388205309541,0.104955636604222,0.0404317678133649,0.0672644881432434,0.07546879421062,0.0672933998704404,0.0581854426885004,0.046397545708828,0.035163910326764,0.0265918863926215,0.0265063146477479,0.273882320494874,0.143567182164378,0.0119130699833487,0.00180603402003975,0.0190660168120852,0.00696022252473716,0.00476920998469644,0.00299763318186342,0.00320619294906583,0.00377814510537955,0.00166586316380322,0.00185613865263511,0.45131421117182,0.277550359433239,0.0889163400853647,0.0496905189713781,0.0323714711298387,0.0197606752504941,0.0157105610553397,0.0200450529139271,0.010790569607599,0.0137767688975674,0.010107695279857,0.00680215826088336
0.0386197373956717,0.0306459269310167,0.0656098607017376,0.0537271660211203,0.0376495789926806,0.00403730761490329,0.0265624396431294,0.0388375338743121,0.0402702054598528,0.0436111399839421,0.0495347007679192,0.0455885376812606,0.0105243194500284,0.0320759946378663,0.0515149360407503,0.0777756233427273,0.078336214207132,0.0667566005885812,0.0613618630078434,0.041565910670223,0.00503338777890538,0.0371719940101095,0.0580024839620711,0.0516390057723837,0.0121393823894853,0.00564330686522183,0.00181620757714777,0.00674417595545723,0.00741339033315176,0.00499166461592378,0.00349106090444393,0.00107640864968253,0.00181938368528967,0.00185194747076811,0.00158905419065001,0.00176490051218717,0.00840691642233188,0.00299415558087526,0.00221742757882507,0.000398905951589572,0.000540644258359611,0.0009630375440208,0.00088447031764548,0.00153116383261192,0.00141776725090451,0.000831680033937315,0.000254026263540322,0.00020247068454871,0.0399731251056095,0.0243033608926125,0.00914265659490917,0.0109781475012195,0.00160760201023009,0.0146146239481005,0.0207829832566555,0.0134386649551739,0.000828069718389219,0.000907750915869035,0.003724865190688,0.00523332115118813,0.0313047891942049,0.0323346269219022,0.0274771254109249,0.0265111164546293,0.0346556037157326,0.0438373634360929,0.0431977125504375,0.0339432211373439,0.0175249167811403,0.00987674993276651,0.00629079789320703,0.00497290694811649,0.000696303177628316,0.0216595926126441,0.0257958625591452,0.0152050750651066,0.00794516511416818,0.00373113827258921,0.0042403884144302,0.00883764745168678,0.0108936054891149,0.00814015683594604,0.00812320354244598,0.00642034139461123,0.0365479087473288,0.0191813756626995,0.0393964860380655,0.0436002215282979,0.0282796497840672,0.0106490302890076,0.0146926277256651,0.0330482607257589,0.033875167295957,0.0411423174752336,0.0469389568054987,0.039603722602053,0.0249472216621379,0.0398599785255256,0.0483591958915422,0.0755405322374405,0.0848575562809483,0.0789603213030611,0.0688488132670632,0.0431122439591433,0.00330525282688412,0.0374078477182996,0.0566950651302312,0.0493370801282967,0.0536805417238437,0.0251396521979429,0.0014105804507486,0.00205670338001519,0.00303453164916514,0.00402641287957583,0.00177934833108014,0.00222200520552126,0.00139778843509714,0.000782402930708715,0.0013296274174578,0.00158589560079172,0.0413862504709172,0.0186618708274238,0.00281289419868522,0.000698882816789839,0.000921135060459286,0.00192281513009677,0.00226170024271373,0.00103678139858835,0.000531619279519908,0.000660108157348868,0.000488876516071545,0.000441484479341228,0.0671339031721377,0.0318711905104083,0.0129167065233012,0.0172353682365853,0.0147428766625477,0.00944891870467797,0.0091588387409941,0.00722784596449769,0.00376691758216827,0.000124893971953509,0.00119097828370959,0.00237149696995438,0.101175068838781,0.060170523715774,0.0586966771427218,0.0788228502109876,0.0604710699129745,0.0301554002746144,0.0196184086899451,0.019710836649472,0.017130859222336,0.0108361428838651,0.00675061294271364,0.00484724511071049,0.0473168106529409,0.0310630436783647,0.0145666275795981,0.00526676254461418,0.0122695769270918,0.00972840507559296,0.00243130703726224,0.00394247629475758,0.00167749831014507,0.00180792726029014,0.0005820293431159,0.000636423658837224,0.0244383821104154,0.0381192283930084,0.0582193002798812,0.0484382906235998,0.020444342372752,0.0187788230131725,0.0224239268772959,0.0172767907929862,0.0229734788960992,0.024754652589032,0.0218231739968825,0.0178928185392343
0.0401321326363637,0.106593809305832,0.139725645459873,0.0880426590066237,0.0589914453194477,0.0329151837893501,0.0183688842735434,0.0100837602258676,0.0201008501067928,0.0249850488458486,0.0254292466810182,0.0239648309238386,0.276796772132575,0.181825296163576,0.0848559458317619,0.0377706437987921,0.00423404662336811,0.00856543566058452,0.00224931902254721,0.0104707259584957,0.0244816923109483,0.0313971839201717,0.0252395589306825,0.0125458147202145,0.204109262197402,0.0854030918195805,0.000639516145733776,0.00225567618847915,0.000426629655057524,0.00098674245498505,0.000295232564243845,0.000631483988819144,0.000781080277557663,0.000280080826249351,0.000444051028390569,0.000186088865836549,0.208361605221647,0.0845275352294662,0.00283042588531704,0.000177650605068858,0.00231513552845508,0.00115063407766509,6.98579508236585e-05,0.000401623117379516,0.000721950154389829,0.000541898982100579,0.000684755318249349,0.000692746077221639,0.315075059033986,0.150213714658883,0.0331503766574684,0.0173589981829542,0.0170692387875314,0.0211425913285653,0.0174698556454983,0.0144825839471314,0.017342106585693,0.0176623946424345,0.0114649883721248,0.00314406376555255,0.245001728631076,0.0735611153261731,0.088442940091244,0.0691009522696536,0.0453303327362014,0.0456908406628661,0.0372979389471396,0.0354787340995659,0.0299632697154915,0.0215403264131537,0.00912779379280412,0.00394192089819349,0.27988362359799,0.15716196052855,0.0340308350522597,0.0191287819175107,0.0153811490526236,0.00929077485826583,0.000840313346508631,0.00913789379175897,0.0110513528085052,0.00897895797522443,0.00899694213068514,0.00769713186215761,0.0581932338097508,0.090839359625104,0.122437092224762,0.0741416419630871,0.0510632629602308,0.0420655158356052,0.04077889448065,0.0443474760150661,0.0415816821359151,0.044315373923376,0.0366980061422793,0.0212587588076855,0.268082490149886,0.175122390488127,0.0760310734208759,0.0320896228431861,0.016234927207468,0.0204239499398835,0.015907026285633,0.0202576674411385,0.0361021387074727,0.0480383122118834,0.0434181060584749,0.0298433392972654,0.199080792909092,0.0832208521023946,0.00220568568231132,0.00152253526355198,0.00161906632402095,0.002735792467822,0.00138966701788691,0.00115540356698099,0.0006689424917716,0.000237950991616894,0.000639377265940903,0.000625695481979362,0.20083227412242,0.0859837670077609,0.000698540994978114,0.000419606402492735,0.000259725998568011,0.000262823866369801,0.00101490464706976,0.000694357746076368,0.000323434958507827,0.000272011588792212,0.000723077080136668,0.000175650700370968,0.258833407276548,0.097964881697355,0.0222318198139753,0.0100900295489512,0.00606713597165536,0.00225237976977153,0.00648340474501148,0.00913022524581329,0.00617589914712767,0.00319312117955004,0.00141027878639408,0.00165871635386203,0.284762994513417,0.148035166350285,0.0719220588929742,0.0506421675122675,0.0604493496028911,0.0598086662403586,0.0505624555527379,0.0421886836721938,0.0265531141910852,0.0117798466737977,0.00449079977340297,0.00102241656329582,0.265112210209158,0.143022854690641,0.0346893530239009,0.00665677956728088,0.0194776671204064,0.0137605136171435,0.0041918076065028,0.00244974203752741,0.00346688420695545,0.000445641380933628,0.00199015051158646,0.000805482979997242,0.0600479206713163,0.11919644608284,0.160551438645707,0.0740284553613244,0.0294336688618115,0.0136890246717933,0.0254156534721875,0.0233461218473006,0.0320649074392248,0.0313739887947556,0.0278373333519203,0.0229292808796224
4.17987778118679,8.31497812011845,7.60708122644358,4.54625945939049,2.60732634322233,2.062332508138,1.89593979313501,1.65089862791029,1.32904187093976,1.21219296979808,1.2094496369331,1.0541545653044,5.21922980409448,1.73257221383078,2.50975219394191,3.17783723366915,1.38874736680994,0.920568878078618,1.62402602805318,1.34928104438693,0.756315600684224,0.437141040096355,0.592230999592023,0.59228806055438,2.13230086923883,0.951522514623104,0.17158376463974,0.199005681867214,0.265641789255801,0.227852217087412,0.126792674977212,0.0211942039721257,0.0515167476317331,0.013434975453618,0.0409285200944632,0.018284540270944,0.231271938662167,0.883723721318988,0.434172329449518,0.157232928454892,0.0523112270760818,0.0482345577795805,0.0784462854827673,0.021340834815774,0.0543502014269872,0.0386663888327001,0.0219089216481498,0.0203986101420454,3.73804544938312,4.29214341315448,3.41360077647025,1.78919592309319,0.733463869451985,1.18068281222959,1.35202837008087,0.5604299622906,0.350814814114019,0.448711123730668,0.161332698576702,0.101697795701843,2.40043105109636,1.40764177885197,0.0698842723864353,1.59247134973089,1.84642125456697,2.22064815712444,1.97226940781781,1.36518516377712,0.713455442771812,0.327191070827683,0.245468215993325,0.183417192784439,5.81857853308246,3.88428831422834,0.822120970436981,0.435981497802776,0.285402277480107,0.206243078133592,0.207116236700136,0.401338044804034,0.36590401160322,0.28153625267952,0.183670335596609,0.166131616560957,5.80725276502359,6.23077982694577,5.15858488775655,3.19011125475825,1.72275698042289,1.15325598431409,1.30566627490937,1.49607190962672,1.2399609990593,1.22415194871499,1.19966330861671,0.987737001096546,0.3670714457482,1.15457007918853,2.17941025256169,3.067967866391,1.76694300135827,1.04448409873322,1.54756105621585,1.28083314287266,0.468071083248503,0.450516366788945,0.747301571558553,0.694310644156282,1.05773304618732,0.647326675528086,0.264902720022009,0.200802919310029,0.206190412711436,0.189862985118956,0.133003013797549,0.115975499986521,0.0130359948097432,0.0372129774359419,0.017756754939508,0.0121973025100314,0.870418756996608,1.44386906823033,0.538129220540235,0.0439669713897967,0.0645136250229084,0.00873523744802723,0.0939939394780915,0.00663566267450174,0.0146501629456933,0.0219631309202552,0.016502348534309,0.0231071922369924,2.07199780240846,2.3991905552343,2.71648198910152,2.70240285934808,2.02294750240672,0.989189491937975,0.566816886629365,0.583765341238183,0.466380988360809,0.384567029084368,0.23141878738214,0.0833468513815701,6.08733278336738,5.65474872164748,5.42378998992223,5.74553751833191,3.06610663976768,0.335031219402545,0.580531159955076,0.703400124770775,0.679002262118696,0.527137143710867,0.265603124133743,0.184379511215503,2.53595061413353,3.7016020973102,1.8492540621247,0.701729642637035,1.12740068019036,0.53516595866147,0.0697431712634568,0.125457059042395,0.078729396450358,0.0936857083786163,0.0609200556229926,0.0637439357108593,1.96560805347787,2.60464417210022,3.1551509063351,2.85915462878317,0.840288008803194,0.789348138853108,0.790659625788419,0.71619889539227,0.753706284226665,0.746336328536695,0.653965608347946,0.530564626441879
11.4483663003512,19.9111638880442,7.32401056444652,3.91607054109494,3.0149458067722,1.79469496747807,1.44945759793609,0.98787598193072,0.787773856825254,0.994565484919202,1.03381221173771,0.712628944087837,12.9453948867575,11.4312159011186,7.18350055103104,2.67137738094781,1.36185770113581,1.07400771408639,0.145824557360734,0.621700545344897,0.844126013501861,0.832673578861584,0.401717089470024,0.391989573149365,0.278713392182935,0.237807855771742,0.0914040231183111,0.139337564006386,0.266047929485405,0.146350288363945,0.0262132138620919,0.0257299739236815,0.0264655850220885,0.0302228969074108,0.040416930137848,0.022775778444163,2.94943233119228,2.35493568975605,0.630945016471768,0.235317689201935,0.333665968085649,0.136136849771636,0.199330676944664,0.141419370365456,0.172406627120301,0.109472950379245,0.112491350338052,0.111715615048097,32.8403182402529,23.6008799554465,7.43957957062973,1.43603631624274,2.70536956482401,0.798427866399193,0.798096047308679,0.991138311796446,0.395360241769414,0.425083001760979,0.498800196709784,0.174564703843228,9.86727998495408,21.2271819201502,5.62604677359964,6.02508106165559,4.36439307939948,2.85555727030341,1.47838207105564,1.71573747656451,1.28562266322193,0.669283643298084,0.772592218925016,0.582315787805545,44.1877453247268,22.6427398201882,1.58070833901574,1.58090669055807,0.605577189998286,0.252244944685646,0.0367891816723547,0.280464703251923,0.300151878233973,0.237833442353548,0.231095622598507,0.173658791153297,8.79705502057379,18.7089460528007,5.46578077366626,3.20396026950966,2.29310366851021,1.89130252801329,1.7895705965004,1.85825794471467,1.30993154707206,0.892018201882393,0.710170266625648,0.360130491343153,13.7160260340533,10.9031801486238,6.32540007075715,2.12683718176191,1.4507034767248,1.21346329916192,0.457618699174156,0.765537737367977,1.24398389837802,1.10056312660655,0.611951405942079,0.493302251295048,1.25826282759163,0.484769176630774,0.0735398902411335,0.0491631868763651,0.0959915416381529,0.131569040915685,0.0450223613921861,0.0404308647725755,0.0240627106502954,0.0275155976545552,0.0106297734216683,0.0110880631230383,3.34165237124517,1.46176581965329,0.550896014654243,0.208349153272418,0.205852126750971,0.0611275775013882,0.183025128714862,0.095631060643607,0.0891447531312333,0.076673729567136,0.0975675267350896,0.0706398325952848,32.3383597853757,20.9258402151991,5.41190329192926,1.74368333655436,1.17023994616795,0.324163147706754,0.698035389655906,0.165991473930917,0.346187921815946,0.240003892788455,0.0734049549027087,0.18937252492986,2.0142319997569,26.8029481801556,10.8747847975698,6.60574161912255,5.7808292339443,3.97251654574257,2.60063740232669,1.68128697438401,1.53626877265028,0.674951506335961,0.805448029179458,0.268615672224921,48.5579514188603,24.076456339938,0.76865695133054,1.20619772077993,0.663646252787715,0.206159680599141,0.30442677140797,0.0166562814105562,0.113868843927214,0.00579153454346333,0.0557100772824081,0.0098844243221479,14.7889042509512,22.076177445623,7.35142362045367,2.92053987819142,1.984164044814,0.70626955375883,1.44131835932493,1.35592135914805,0.881639618990556,0.734539293321321,0.762507474438223,0.474320108370155
6.97012784584914,8.49154975806971,7.07939679674655,3.22044485563576,2.04548581689137,1.15765898017634,1.15843653503614,0.913191556037796,0.701324542106315,0.639214616089157,0.678826695371363,0.707747330091682,1.32615223278581,1.34782163655788,2.67330142830519,2.40272261528655,1.65459719001015,1.22224163194575,0.946329906038348,0.872979062750487,0.705393865529022,0.424468394243194,0.0844131276113823,0.307701092311872,0.652630141663501,0.16660414365199,0.0735036532393781,0.155338874550224,0.175931338052749,0.107277201398376,0.0683746427721706,0.00640189195487285,0.0192229439303929,0.0315137639544678,0.010842065464228,0.00897756284728745,0.837398781625982,0.314221575116875,0.09763252638869,0.1089886993887,0.0746168457433216,0.0623408989838995,0.0352149953446957,0.0369448364608838,0.0126280597216897,0.0292869777575489,0.0234122509220794,0.0302072172232347,8.52501632861034,6.56613513680113,3.39137612168682,1.15436089212606,0.466515666939751,0.399656767723593,0.367715150076249,0.267984534463872,0.175843759220787,0.0972644909559879,0.0622859495937642,0.0698203966085542,0.431892594773166,6.28696392817559,2.3422584733002,0.133828384852973,0.240088712062671,0.184082661875246,0.310396418983092,0.33302756828614,0.242902673125322,0.189821718900877,0.146091818927504,0.228367399494696,8.15838444871911,4.72036995823938,1.84218798986529,1.12896921420343,0.309603040675677,0.120107296910558,0.187868419725669,0.104957763658803,0.119448395089586,0.0458138917028438,0.0701467587132899,0.0762914603430823,0.277595147283634,2.18261987984408,3.38160113341216,2.18732439812595,1.37642734034411,0.83179051667274,0.764424676799699,0.564240016804276,0.446145307188975,0.429184319415383,0.489721332780915,0.532644754872324,0.798966697647358,1.43114573158147,2.05724459113988,1.71285224007949,1.24855553995298,0.838395640181318,0.656119166184443,0.598776635060914,0.442383216325814,0.241020687305907,0.0948694937114701,0.386799119653725,0.988700064560166,0.419837560126893,0.121857739927888,0.104248282303205,0.131188248669834,0.085316226166161,0.0347599819460896,0.0149321106149541,0.00822508298943051,0.0163410707102123,0.00746716704375586,0.00855631160919441,1.31140952600637,0.637412320474653,0.170204985382484,0.00880718056722773,0.0443461968699561,0.0408921403201613,0.0229800982167358,0.0267415691452082,0.0149237437769896,0.00338451401138835,0.0159822165363578,0.00541936354002916,5.71376592752521,3.84296898960241,1.66328416194468,0.579786477036223,0.38863027235831,0.327650120870546,0.351989277204221,0.174789173982108,0.0788540272990431,0.0564599064248733,0.0603743171415326,0.0416990615993234,6.45556607994142,4.0138445856746,1.07388713250828,1.09602419549656,0.939219110075454,1.16085705166116,1.0617078028764,0.607419174408771,0.448634041346298,0.398211395715401,0.393106323115341,0.404193804735701,6.53329473164824,5.34457256848632,0.940613142728803,0.710549407219124,0.319388781105531,0.0676626012432152,0.0373143252956669,0.0325046418348499,0.0104272229978798,0.0131294441055941,0.0258757612022058,0.0140664174698098,2.41911522408182,3.83875387114623,3.60407611897782,2.07791405309888,1.3846524801035,0.339573910501476,0.47123462047593,0.319925409809779,0.196770871685549,0.214920232257726,0.349741319147844,0.356737135770975
0.101430110681696,0.0379735027400648,0.0100743455271435,0.00357391003439489,0.00491788455185532,0.00236538266176175,0.00229410262861947,0.0028585391459588,0.0011749805137007,0.001927073011204,0.00359579970293695,0.00122559849609646,0.193208463243351,0.157302968015128,0.113286152123626,0.0568873545874259,0.0300383727949834,0.0425811171392095,0.0563614497769367,0.0724667246080268,0.0758152743284,0.059710978434772,0.0438990426774319,0.0460320627917297,0.174828212088688,0.104132677330124,0.0371205273914962,0.0256158801918858,0.0439675285775534,0.0364931322386054,0.016814820823524,0.0282272285894958,0.024949182994636,0.0233910067583298,0.0215616354788077,0.014878637355911,0.490078707922657,0.26833823899603,0.0360065396430962,0.0325726209173598,0.0426916298395444,0.0263611443990654,0.00876599757459545,0.0105346233232627,0.00383751395533187,0.008785313194621,0.0112135896806682,0.0138287192267584,0.300512631572895,0.136317407986423,0.0295402123954309,0.0332099697154476,0.0143951311399394,0.0447897772887686,0.0175219445331681,0.0242268414597071,0.0475198637893835,0.0532449870873487,0.0376869991553704,0.0243156219210993,0.107555195809072,0.0323952194995446,0.0123604802239387,0.00580260082136894,0.00521591659963418,0.00547431768195486,0.0063356288175958,0.00480280314010776,0.00422244275232072,0.00670488060715185,0.00902969105691008,0.00729786933212186,0.0931983306187702,0.0397469395743882,0.00125781189171012,0.00124263433500595,0.00141899273696753,0.00176530235166853,0.000798750825636509,0.000127925247587125,0.00126046430463826,0.00285136610521667,0.00213827155775164,0.00118404398736014,0.0939657870986047,0.0328966468463523,0.0084934883107024,0.00329191873886593,0.00462468740418699,0.00193319307810106,0.001649857866245,0.00202261019648289,0.00158626993313963,0.0012002445677086,0.0016264807504164,0.00145104239339243,0.214925094072866,0.173061926599218,0.108145692634452,0.0325478062171364,0.0296171097449445,0.0494299480774634,0.0539397240898054,0.0608146500740066,0.0608500689552476,0.0459885538746645,0.0298284835838265,0.0290719271518929,0.136874299622283,0.0788241204139145,0.0416835655335001,0.0396518862859946,0.0461451728844413,0.0399740612956044,0.0218908488485965,0.0270227914105787,0.0192031076218513,0.0154354197544628,0.0161205547022151,0.0105659916871971,0.429544160893283,0.211537454289574,0.00796685751276353,0.016027399552459,0.0158218765735214,0.00405612030640166,0.01587559582971,0.00728137744170358,0.00741250814742112,0.003894471200629,0.00153952624646022,0.00213439637393371,0.320836021946085,0.136372018026313,0.085770096967354,0.0670593879969476,0.0322519262612901,0.0275907324359757,0.0227889798576445,0.0389248848210326,0.0171243969664456,0.0185951693547373,0.0306576065485727,0.0175666780518848,0.120857996756244,0.0436331648943048,0.027199169050329,0.0217014972278863,0.0147826718221693,0.013445377379785,0.00915408944527294,0.0108138744718534,0.0104970820180916,0.0151601024345693,0.0158285103113311,0.0169198533151628,0.0877861383169412,0.037404550398659,0.000945480962897986,0.00126706309713527,0.00109849253464067,0.00127234935151801,0.000767540007833258,0.00135615709015572,0.000559606912990494,0.00127796905615045,0.000869298929717811,0.000953896900390196,0.0800684908493428,0.0348688791876819,0.00706904402928531,0.000730629254438711,0.00233927136411363,0.00140431769604748,0.00131922593121151,0.00173307247952172,0.00170981531362898,0.00136289271297033,0.00134282435846681,0.0015625059737397
0.0355987009130093,0.00899389845383036,0.00746777606732164,0.00189229044002595,0.00687460915090977,0.00185400576874893,0.00265948759063745,0.00121699472666601,0.00111955536041773,0.000829589688040426,0.000880282205375765,0.000743822139489855,0.142935815269913,0.082474256964237,0.00964365432534233,0.022121679111312,0.039460756318021,0.0261301111920539,0.0104819688193467,0.0173744869843274,0.022692624965978,0.020146251117308,0.0138439973558459,0.00744391397575178,0.148744675781816,0.0925246618402108,0.0410027444620527,0.0387465087783313,0.0434155193778366,0.0238401823588024,0.00268662122452234,0.00817045548413813,0.00672246653219712,0.00603703397898181,0.00732972249278947,0.0074201661510762,0.0146244020051007,0.0432715607621515,0.0406985150590079,0.0240081810014459,0.00909295655807993,0.00530175716331089,0.00610666785412557,0.0129437475207288,0.015928998238345,0.0107529862641572,0.00965887296352613,0.00956373713950633,0.0118052885372526,0.0299114272277982,0.0625267080730549,0.13317774371093,0.155710210665309,0.130675982019903,0.0848278251430778,0.0252895897832621,0.0372095439814322,0.0529876102477905,0.0357334570071478,0.0212133353737898,0.0381732527130887,0.014220216216199,0.0100368152867305,0.0137839528525055,0.0183009586826033,0.0087118790661559,0.0190360929936864,0.0142257335363511,0.00294447286681997,0.00463211000519221,0.00495296625112224,0.00517862286564657,0.0281981158724779,0.012394859015596,0.000635129435483829,0.00103994851648607,0.00345441419464478,0.001526431248418,0.00308916228663227,0.0019160919694639,0.000714164237357504,0.000888978143967916,0.000439351394146368,0.0017896572385773,0.0215183898537809,0.00446948075501901,0.00269085299026345,0.00261638345299384,0.000716630325218275,0.00453655342639789,0.000552688907476734,0.00158138505481348,0.00139097347000067,0.000908411807700374,0.000665393500604892,0.00108626906689478,0.100699216189645,0.0643939087997725,0.0197258128665954,0.0150984050674443,0.0179402539145604,0.00399925971987593,0.017432800174974,0.0220566159649993,0.0192013967710536,0.0110163496695588,0.00722791287709261,0.0124558189711975,0.0843945908177043,0.0303790551802255,0.0123638617971684,0.0329160660352479,0.0345119581320054,0.0206034207274634,0.0030763896413966,0.0031313485349488,0.00422288064321417,0.00332310024977773,0.00370620238860142,0.00360105953188724,0.00134547157651636,0.0538521371418261,0.0375594541899522,0.0125559952088267,0.00609095389733116,0.00678435613314608,0.0094705755788311,0.0053149361844784,0.0051058140928392,0.000403567972145738,0.00444195264070463,0.00549798939596102,0.0452452389261077,0.0401820007386933,0.0940198825533899,0.159950736048724,0.143918222837758,0.0887498916534102,0.0633327329071726,0.022410013676029,0.0373008507955774,0.0573487132509982,0.040980778594353,0.0167891418577993,0.0308969821170993,0.0219924753667969,0.0162685267329974,0.0360079638670908,0.0363931999982446,0.0369227588418097,0.0354822566211676,0.026655779667847,0.0217719834920136,0.0185190341367429,0.0193144235847012,0.0176152006537102,0.0197598146180025,0.00785942046587195,0.000852866174737319,0.00100195842863878,0.00056088326790605,0.00214200841660595,0.00171490606376919,0.00142243823824235,0.00104416075161901,0.000638815320692908,0.000938939297919354,0.000925822123575453,0.0137192926181499,0.00495233429162134,0.00181527458337938,0.00168482991232579,0.00168477337944124,0.0018418687365254,0.00180832965761574,0.00152273849141766,0.000706729977628451,0.000357286978639626,0.00120932812007025,8.71770453281983e-05
0.189639270770472,0.0765340297386419,0.00408535167379429,0.00450311878827794,0.000842568466045121,0.00207139401013816,0.00121720488937353,0.00157579294686662,0.00104041698394446,0.000690275887097118,0.000912150979232981,0.000982304415629835,0.349339044208979,0.208681016594684,0.0723380304442029,0.0212322236933456,0.0148211349138578,0.00948908312475744,0.0203515982455612,0.030623834848653,0.0290193158042471,0.0195592322495337,0.0069055870664757,0.0056600223903066,0.228536831557957,0.0425824813852844,0.0477272662592258,0.00649379802941413,0.0341922928319763,0.0290128292665467,0.0128481042935883,0.0125951287452424,0.0147365475768901,0.00892474583991388,0.00818600147492284,0.00550705768126639,0.0884090672186097,0.188886187157537,0.131494913872368,0.0257028095632844,0.0494332304897822,0.0419720077825692,0.0245638980176846,0.0186403577437071,0.0214039685009777,0.0152380640603912,0.0143594556243249,0.00682113358369123,0.168234639431593,0.221225320790879,0.173727823087657,0.133092074370075,0.0927163013869886,0.0581100620124397,0.0643554835053929,0.0777206620087059,0.0740626232115661,0.0511587988448898,0.0255643014561759,0.0238890105495592,0.202613635091781,0.0762635817113461,0.00719378744793193,0.003667657540697,0.00303527144043985,0.0011334344036542,0.00277343509882607,0.00268971860801702,0.000643958218027538,0.00510588935216898,0.00500019029401212,0.00346627129719178,0.185764995656286,0.0803644077709222,0.00201208442690396,0.000750020275757258,0.000135059561958151,0.000352687183217236,0.000539178151249728,0.000949736960059785,0.000845639200955797,0.000232039000724659,0.00106834380403835,0.000520858887135454,0.194313088715195,0.0782372064220887,0.00532690090721034,0.00349081230236673,0.00381605420476831,0.00196126384060562,0.00180001702165337,0.000369664545680064,0.000921718005743048,0.00070552348730489,0.000327983940718537,0.00105665006361669,0.329414325028806,0.202705566013842,0.0775395841817325,0.0285171889364764,0.0365607454372653,0.0226435851786852,0.0123243406882496,0.0276407205789412,0.0233573052341168,0.0102152949081395,0.00550017957465973,0.0116098825370488,0.204436008547458,0.0351835546081073,0.0280743360568607,0.0313892609669211,0.0338411974743875,0.0367199416075922,0.0147891907928054,0.0185261335494424,0.0116254594943338,0.00859498391430529,0.00483650998943745,0.00424040380503921,0.173857218185074,0.194551610812492,0.0836378537430139,0.0255886137967787,0.0230128384951389,0.0162617921070154,0.0119958011333563,0.00631612491829399,0.00557048005312704,0.00465593364261378,0.00842679849664307,0.00737752099402426,0.116957680841671,0.207186545128393,0.187381055075079,0.111871830208961,0.0715797091412451,0.04876795294407,0.0475970279674702,0.0550101640941072,0.0503019238380906,0.0340933355498164,0.00980882399443191,0.0142884500288936,0.224654691945545,0.0829978077726582,0.0142907125433882,0.00462146320015238,0.00132412776462414,0.00498861960372007,0.00414895186837841,0.00228761719998216,0.00392728449767521,0.00623429339633077,0.00539136427225207,0.0058498557653623,0.189695693609179,0.0818853204172753,0.00111669730314487,0.00025992491323475,0.000660509215800056,0.000919623472946073,0.000382946474232867,0.000433327219179174,0.000276758392514607,0.000224117064741895,0.000738639162458776,5.22020573704519e-05,0.200677624911788,0.082999374139779,0.00225090488728114,0.0034457229845259,0.00228618633572347,0.000555100498690602,0.000882710370679238,0.00119466738460388,5.29012975832047e-05,0.000523005787977178,0.00096607877306573,0.000669167279736531
2.29981058289084,3.10109940145103,1.69630339282686,0.354473716803353,0.379313819765083,0.187083286959727,0.019555977683443,0.114399687447511,0.0550219059883862,0.0474933766288783,0.00809265799532704,0.0861933665143058,5.90446198817768,6.10332492710506,0.609828781821005,3.50396728657823,3.27636979291294,1.62703504225364,0.361639243561976,0.408620700551568,0.703420182319746,0.676830055928061,0.667303372066078,0.689929676576902,2.90670164864652,5.97377708013487,3.6730046934072,1.01239247100883,2.52555178329382,1.60311294127727,0.06916599560279,0.317845974162017,0.252140941126484,0.2478693821072,0.239162634155306,0.165948481124097,7.02046461685942,6.76321075624904,2.36182562403714,1.29491934645299,1.14252589040435,0.70349861947029,0.434037296503076,0.643766601533305,0.57103010971552,0.431958601857246,0.340417187141462,0.290979667918158,3.43354974379933,2.91842703610035,4.17815922424997,4.11421698932906,1.6425458004328,2.38303956368588,2.37565101737232,1.0265097006165,1.11561176286126,1.33845213265401,0.76967187511271,0.54226931383431,0.728228733762894,0.493755817501589,0.870231909984297,0.543424724887655,0.478199650304164,0.145507527023937,0.402249806943835,0.34059611385918,0.104659513928754,0.177145244165426,0.12421685317097,0.0903699410110689,0.745039715298453,0.489623382208158,0.160388039312201,0.0793958811277246,0.157366381244596,0.0613041540741714,0.0570187007925563,0.0763034354301321,0.0200604298718968,0.00218318273777586,0.00872494316986833,0.0383581657700432,1.64233598820808,1.55847982820386,0.770412702437638,0.21152300035484,0.125330770565535,0.0938847806426713,0.047736171422895,0.147806202645474,0.0374614251372305,0.0544999985682805,0.0225188551124505,0.0328330921710662,2.70476486137531,2.80111926803617,0.993530389270073,1.54006377827706,0.885761290910332,0.6405816252982,0.593663727792853,0.244770177089227,0.478358756796511,0.595464190972842,0.488643930350552,0.372158289127625,0.74322242466788,3.11375115663282,1.50037470825527,1.63173681875821,1.89259708743983,1.43758021525408,0.460780991662865,0.320166019660119,0.130752499428845,0.163760805964414,0.10994567789163,0.0449701328384603,10.9815227763476,7.69332961771481,2.68562043069944,1.3355076623979,0.186832285912702,0.144571746348149,0.560261601398008,0.158663247578771,0.218759956913317,0.0177184403306592,0.157836037531506,0.155458770663569,4.44150147663832,6.39981255605759,7.20391283528672,5.07685010699686,1.38704617238568,1.73594501688608,2.34246351524339,1.3037875344702,0.84498364653656,1.27131398791778,0.844642934327681,0.252002945314474,2.93378313475088,1.58271124495821,0.407576986458732,1.1285712879914,0.873664650137542,0.91053816106331,0.855234476853504,0.529977564976819,0.26959370198394,0.261451525523432,0.308316068625156,0.177511964422711,0.845734665592951,0.340773865965171,0.179006150425862,0.21617018830423,0.0662134921097245,0.0401494860776151,0.0575924394922467,0.0333958423769677,0.00789377648124105,0.0294000936526779,0.0226333168388949,0.0123116366491463,0.535233968531711,0.114132553719878,0.101598932901282,0.375331768326227,0.215769211199041,0.0447411194028996,0.0439801632849297,0.0578982003990122,0.0109913507011979,0.0345396394512815,0.0468754699362056,0.0268245747105451
12.8923428587609,8.44100349058058,3.21312804932586,0.559376717510268,0.291838365373818,0.445532094277116,0.281006420498443,0.321346689982211,0.0848304500337019,0.0330422873683326,0.166596310127422,0.137969333837399,30.7111431138358,29.8331260709691,10.80279917166,5.66719446812776,4.57216497361614,2.9217218318289,2.65424985701552,1.88133942984771,1.74097305321266,1.30707373581179,0.963503514102089,1.09713998268775,42.4146777629291,26.8469129391942,4.56887272052157,2.13939772914651,1.71581216743956,1.40801833128408,1.34964416448418,1.32377505604283,0.945035177665651,0.680800288790778,0.44299291449861,0.310734179439854,36.1262677518645,26.8154332144832,6.43088799491033,1.44606271308114,1.19669529704919,1.55881577133666,1.34557855021293,0.950146775488496,0.299427334368057,0.0403043740449689,0.445495775034377,0.438869491486704,18.6724024462476,18.0791032081546,9.13553103817062,2.15791256252588,3.56280352771975,3.14755683244809,1.86285804589671,1.77233922402402,1.52512970320504,0.728951270685768,0.724946274826873,0.450361949204107,2.5169885912153,1.42288228565107,0.520120059070521,0.470624763354771,0.485932030126734,0.035839733486808,0.259028670464125,0.110887689072185,0.122757672010736,0.0423495571297298,0.223853396609453,0.310695183064273,0.521680535051542,0.526525087422664,0.160404131337843,0.0984283017771791,0.105543711585203,0.0540897439192633,0.0544373387864707,0.0342848913194266,0.0477287691981461,0.0883438274473927,0.0872699127950561,0.0303701242846234,13.3986792422931,8.28491703971276,2.72936002976128,0.582287388788638,0.230891643408325,0.233081911554882,0.370217138326017,0.233244112032882,0.150555365704919,0.0436396105632439,0.0899680128019343,0.160325834368394,31.4386566926833,28.7279616996981,10.6243712206526,5.35624165455316,5.21576563179779,3.29877442340397,2.79137206930259,2.09141001877554,1.61855091915264,1.1922935100753,0.856535402814727,0.770090733824692,38.0046564514755,24.543034340205,1.97378251591889,2.460574513033,2.99852343983621,1.92955124561592,1.10169023377133,1.16758841673659,0.994472876553457,0.641009101950693,0.334558349063047,0.074646384477139,41.1370377833053,25.075098708957,3.01229584739786,0.888604182696031,1.30717781904311,0.259910880586461,0.333397492722448,0.191307344549026,0.244176887243956,0.0847951938868318,0.312462297833753,0.25750544120064,15.8944924794854,19.4905236503724,8.86867272748579,2.84856086915735,5.05594217314704,3.29693070539414,1.96116162644228,2.07857459109648,1.0351928707823,0.0587883044714325,0.789659158363621,0.310546493526549,4.03273492448449,3.07146131515098,1.78798171226286,1.26820342009653,0.635468904637193,0.343825709159962,0.401449159244753,0.445239654215831,0.295552620171909,0.194471470883983,0.321483707963997,0.456671236961421,0.0138019503605258,0.291038517693735,0.143333758455349,0.202704453223856,0.0746539658310442,0.0517277197659962,0.0352787435031062,0.107948708549778,0.0872852978393069,0.0466806100658757,0.0207933754547473,0.0259779240168586,8.73462487704641,5.80390007615333,2.23761782004521,0.672397793395235,0.188462837778524,0.0757329107664301,0.179652370714521,0.174752298168777,0.180637197813226,0.21010905642115,0.117652445181751,0.0858243501968934
1.1724007913612,0.878304381435565,0.439929628839924,0.167782224358176,0.260701918590472,0.14141806387715,0.022310107438899,0.0350651744428766,0.0323539567639688,0.041399687992365,0.0610011770148439,0.0146870757159645,9.03518183772925,7.37524393479761,3.07176713380335,0.657939713170466,1.14479380157847,0.409611120981249,0.225603208441409,0.231621282303183,0.195156102414126,0.223191191089208,0.106404954538912,0.0696226936681304,0.47366137178387,9.70055780594344,4.8597505932008,2.28501176815601,0.586981558446201,0.305482376859136,0.190565822859615,0.0719688764783692,0.0420115480722366,0.0733453147982971,0.0778247247586594,0.116290916124406,8.79896561114062,6.72665308660706,2.75643287294263,0.283800961104183,0.31595284502913,0.609496877438282,0.164496798126077,0.327611544286902,0.165292625361793,0.116045763908749,0.16307114519729,0.183997724299963,1.29266559419413,1.2815495076718,1.78268531998031,2.10382383009793,1.71591757591564,1.44859376564655,0.818567889475902,0.232774956056657,0.359464006527186,0.438243454968759,0.37536609299303,0.372023521244451,1.52774346875103,0.389798305511596,0.382372490038628,0.19645450628448,0.0553478371483528,0.132978125032839,0.0771299834138792,0.136292517073935,0.0787684626304289,0.0533398496828388,0.0374282830514055,0.0246188989176647,1.19132802021614,0.527008950378867,0.0926130115499491,0.0859343514277506,0.114810638538977,0.0533681990945642,0.0444282139650704,0.0323124228583745,0.0125813332202236,0.0124531677810254,0.0223601782564387,0.0255088429669924,1.69333514910366,0.452624287692021,0.389791006702873,0.0790895951120383,0.0756176736246187,0.148670872038099,0.0385021991010719,0.0589692438800285,0.0610957194258059,0.0242972865904439,0.0378564256699713,0.0353272710545828,10.1307420318693,7.26207544386104,2.56193858276547,0.486898126201922,0.131556306468459,0.574128868189343,0.62937381808463,0.454934869544273,0.23581509795974,0.151126157612061,0.204502892884565,0.245936412316804,2.56158280757695,5.45022743868493,1.79079260477497,0.975882996365077,0.064146985147357,0.492079688415766,0.1369467544417,0.150673398837232,0.0680757645374859,0.135335295128119,0.127234099752633,0.133605728857508,9.53988504778845,6.91291595522097,3.17563024084537,0.491247357842419,0.220712052952297,0.189263174399278,0.289025359756859,0.199259708837019,0.129924443731649,0.0179792146170553,0.0707843622555697,0.0423283906584336,0.801659680184027,2.26507864246694,3.49206892258528,3.44762678784402,2.35635583456714,1.67512084176906,1.0950942735375,0.786315025922081,0.56117120441906,0.488774641970803,0.459178862723146,0.411689900649,2.37861843699696,0.98612317407632,0.494883101923064,0.297722266421083,0.156325624392752,0.113985797454589,0.158560406089776,0.117058004636494,0.0520688150111015,0.111793273083129,0.077582843767813,0.0634268034873975,1.22877165314737,0.415232152954981,0.111123948727299,0.0461827955112016,0.0206746926858355,0.0431907833424685,0.0191747549937924,0.0353977525728224,0.00865216510765728,0.00542171137223455,0.0083128674504024,0.00585779192002605,2.10490045083345,0.6866625699224,0.266285727857564,0.0551236386030571,0.0680809633789857,0.153165601981585,0.0383305788115551,0.0669536516763504,0.0621783021378611,0.0369346734542327,0.0368948467616577,0.0477403904085746
