2,0,0,0,0,0,0,0,0,0,0,0,0,0,0,0,0,0,0,0,0,0,0,0,0,0,0,0,0,0,0,0,0,0,0,0,0,0,0,0,0,0,0,0,0,0,0,0,0,0,0,0,0,0,0,0,0,0,0,0,0,0,0,0,0,0,0,0,0,0,0,0,0,0,0,0,0,0,0,0,0,0,0,0,0,0,0,0,0,0,0,0,0,0,0,0,0,0,0,0,0,0,0,0,0,0,0,0,0,0,0,0,0,0,0,0,0,0,0,0,0,0,0,0,0,0,0,0,0,0,0,0,0,0,0,0,0,0,0,0,0,0,0,0,0,0,0,0,0,0,0,0,0,0,0,0,0,0,0,0,0,0,0,0,0,0,0,0,0,0,0,0,0,0,0,0,0,0,0,0
0.0377826569398938,0.0469485320480602,0.0436497327525467,0.0288946223392304,0.0177041204644729,0.016508636277535,0.0153415747725487,0.0106245759146716,0.00811781502536839,0.00514039878897247,0.00793399668958582,0.0106493550709855,0.0173916180378012,0.0435738149066697,0.0480455334335162,0.0210386199774833,0.0103426414623273,0.0163302311894178,0.0200490559643454,0.020108883611613,0.0177200794542546,0.0157805670368384,0.0157004789187137,0.0172905422943834,0.112963443520988,0.070930810898211,0.00944467665750152,0.00283254048151694,0.00327415683415057,0.00340084691943357,0.00110857817963972,0.00228156505669994,0.00189793121127094,0.000345639231714503,0.00092871176603556,0.000773373387833936,0.145072163570786,0.081459976285181,0.0299370141775922,0.0247198011999829,0.0152555007743386,0.0154605321998649,0.018546985629211,0.0177427340114108,0.0171141835107448,0.0150658359576634,0.015122330928647,0.013966342123108,0.0401641495322555,0.0287714000225266,0.0154609079663253,0.00823245930012266,0.00226909098248564,0.0111955402717011,0.0149735583072647,0.0118227475561201,0.00581705996736259,0.0029053010352029,0.00717810682096208,0.00786916213976823,0.00497371311660551,0.00248249421510864,0.00117208760103694,0.000707806655743991,0.000448751523783535,0.000353760979886978,0.000825675839666323,0.000607988801295002,0.000749551772846199,0.00053060919237736,0.000255770036631082,0.000294117556073169,0.00186524280621227,0.00289317233794264,0.00129053285923477,0.00111052104254073,0.000215418657399624,0.000163181134730204,0.000911067824025439,0.000341201309409276,0.000781950789259185,0.000938022256087598,0.000960262645510907,0.000915982601889989,0.049534680243094,0.0502847854585638,0.0408119038028943,0.0218505660780817,0.0107574016618773,0.00402749274474355,0.0085203767468309,0.0144355661422109,0.01865188945941,0.0172097995680472,0.0135163708847541,0.00742931646221292,0.0276018452641625,0.0408163099379125,0.0459046173178616,0.0249195573887117,0.0194688823121775,0.0242708377853478,0.0283605131486441,0.0341527837143347,0.0361993575792657,0.0349973661209319,0.0337366530017496,0.0313952971787593,0.130520525849196,0.0800712994806716,0.0104181163437507,0.00493483981446009,0.00615725644750776,0.000803048449092125,0.00187189350202763,0.000533896901935629,0.00230422303056861,0.000590171725937855,0.000565810971352347,0.00056527844727088,0.172919221105089,0.104557057114871,0.0466002150757414,0.031188788139584,0.0223356451010495,0.0205094688455334,0.0244966080522214,0.0201466321203798,0.0174931767700127,0.0146872323659298,0.0114342733858844,0.00903559536220817,0.0361834933820208,0.0266729039889586,0.0128362104323267,0.00408110878603834,0.0051521539657021,0.0127626158142512,0.0143210348812833,0.00975665513197603,0.00396133595253465,0.00137381083088927,0.00467666985731492,0.00633968584684859,0.00451555186406194,0.00230318045410745,0.000197123750079424,0.000725309109802687,0.000489908298505532,0.000597804238955573,0.000938527956192238,0.000698396408380775,0.000683589956927794,0.000768259402275857,0.000595578793740146,0.000559844809362445,0.00289589897652519,0.00287760915184069,0.000862987759275023,0.000970833232946441,0.000306298860593856,0.000724518790758727,0.00058176874496505,0.000307408219556126,0.00013476091346778,0.000445808397666637,0.000308413402807546,0.000346930036618972,0.0539642517058511,0.0526939144451289,0.0410478796625899,0.0191819436713182,0.00858489909783023,0.00523198279744949,0.0144142289853072,0.0206730303319555,0.0224939014751155,0.0192524304859078,0.011829133970413,0.0089838239772919
0.0360682318070481,0.0400290894519422,0.0275087417733668,0.0180447641238846,0.014430441137462,0.00969056212466225,0.0028427152274101,0.00443081091703036,0.00759869192924153,0.00658858326673908,0.00565229763688209,0.00394109741874074,0.0376887658888756,0.0583088585358363,0.0337059106312846,0.0151957459006044,0.0202043065575471,0.0225074998167926,0.0152367726471653,0.00945749761701949,0.00682545921956575,0.00606470998944277,0.00534894368780932,0.00619067117429759,0.0317034093073207,0.00538089558855951,0.0101570399414463,0.00925637587950061,0.00570212564164353,0.00303516271247573,0.00270292082981405,0.00154242119880005,0.00212603854261733,0.000410289903135564,0.000313338246476908,0.000470903178203717,0.0569079907986413,0.0358640317526489,0.00894396098690002,0.0257113142616999,0.0272682520459983,0.0176933544920074,0.005660857277344,0.0112431153436135,0.00890799970744208,0.00743579834593413,0.00654423293565718,0.00253359365665132,0.00106400887570723,0.0100198435493214,0.0107361585471741,0.0189497348041774,0.0212708971973544,0.0167167771475508,0.00909365062694,0.00556604577270017,0.00349229523314828,0.00320682686186474,0.00465173847378389,0.00353580000904514,0.00904985940064431,0.00458849338100913,0.000368927721218674,0.000494867713581306,0.000453655842780902,0.000513562764108711,0.000490955824209963,0.000619925818847056,0.000355979273827733,0.000447094445279601,0.00024256285173035,7.24304295173008e-05,0.0020548494749825,0.00280986529357219,0.000935351267896593,0.000410979781898925,0.000975839064800945,0.000692385372469991,0.000484530145954036,0.000472585132155378,0.000259046689352012,0.000188829502224171,0.00037113859816253,0.000370600678237992,0.0400693490161708,0.0344344529989181,0.0188072627923329,0.0146808052968688,0.0145426943984395,0.010937814359391,0.0091676056717738,0.00963375796910909,0.00920165883257131,0.00771919320455484,0.00588582532102982,0.00488635458381331,0.0801232236733824,0.0742563493416292,0.0360423634712623,0.0102473404163856,0.0130019472958918,0.00254945034079517,0.0051790681530878,0.0101169461336421,0.0110986304808585,0.006525890225706,0.00481587275463788,0.00575127513870067,0.0126923537705849,0.0131890280727928,0.0206322717626654,0.00295657811288704,0.00682384523793394,0.0062326900400679,0.000244824082306984,0.00262852363837152,0.0012356902310862,0.00190544889318263,0.00114688031422111,0.000331802979659493,0.0490132987884526,0.0445578536250425,0.0431354886448206,0.0481402157479351,0.0238324880269975,0.009688767841402,0.0155055485115031,0.0153219225584153,0.0211130589039266,0.0168988616171316,0.0127552772911525,0.0105247755779778,0.00967381658402714,0.0078515842075913,0.00717797867863398,0.0147705456703095,0.0171851704123218,0.0160840775042649,0.0096518823585256,0.00362031702193975,0.00962911822575356,0.0119419143379885,0.00904831405809879,0.00424090766030028,0.0126968988167018,0.00670681381606424,0.00137992896609018,0.00078659910421141,0.000252718440314201,0.000559452745585317,6.73604911735686e-05,0.00043268046183174,0.000229612504050379,0.00041030450126955,0.000366979795082339,0.00026147978326929,0.00375313838476488,0.00231711862433328,0.000718626439754578,0.00093569086666996,0.000218335827147621,0.000292451627336433,0.000519896600906548,0.00022371700498949,9.1854472730017e-05,0.000374515053427784,0.000416453331867424,0.00014272453182298,0.0442744841836497,0.0359004865562919,0.0223076663203346,0.0194540219347066,0.0194459508968976,0.0145704888127319,0.0113896502557595,0.0120963234692768,0.010791290132217,0.00758408013600045,0.00550659457208241,0.00400413365652088
0.0450772345512234,0.0280466362971088,0.016942630532365,0.0132005811692407,0.00567022317248806,0.00818650788921163,0.00886324534501278,0.00540432271381538,0.00477359486460756,0.00346105572768913,0.000197535346672251,0.0027783630550568,0.0236152360669281,0.0273215080129134,0.0327528192241257,0.0228112496679606,0.0149326987843657,0.0130551755898122,0.0111735060752727,0.00879524424033098,0.00568220245148364,0.00426483736564398,0.00403707120759721,0.00379027838142742,0.0292045986541498,0.0382624742332943,0.019591368083927,0.00315243815990826,0.0014282849621748,0.00388976679859259,0.00262551874434688,0.000997398383209326,0.000412519892114717,0.000975183846250988,0.000377222833478778,0.00045711876166876,0.0766462781864972,0.0930274423550323,0.0678498388404675,0.0235308411663705,0.0168507384362686,0.0206124407385353,0.0233749968643063,0.0168336271782552,0.0162204424041185,0.0175563617061904,0.0145327016576749,0.00925905625297272,0.0247217595347273,0.0275997263134775,0.0189549744448482,0.00818209724428469,0.0125167858418139,0.0113038585366683,0.00700811872140173,0.00318521709009171,0.00607531445282373,0.00901453035141201,0.00866477049399186,0.00629291811358191,0.00219838500692847,0.0012368564984864,0.000340784463741875,0.000332552944728345,0.000139692232062884,0.000314284114668107,0.000147339904601263,0.000238112084695956,9.29244587711007e-05,0.000163337417883449,8.1667421326966e-05,0.000167412834252553,0.00185182602296708,0.00272374697901056,0.00094719670020109,0.000454566275494141,0.000229973272674197,2.77219184626699e-05,0.000156416512118775,4.26389802671483e-05,0.000147003923486221,0.000131628821530968,5.18353533910881e-05,0.000122721050752067,0.0306205441801758,0.0225925518365493,0.020202804973037,0.0121085780385776,0.00399736927910605,0.00368100845867221,0.00306989960839597,0.00768787123839894,0.00959704924174326,0.00846035603529044,0.0061188452985176,0.00353307570937173,0.0294289941174736,0.0345083587604068,0.0341100184935735,0.025131961873118,0.0200444889191293,0.0177704127019789,0.0164274640247564,0.0158009946621249,0.0124017302874933,0.00944321191969284,0.00911078392779936,0.00821658235142663,0.0296793912805056,0.0447953205982461,0.0279458222162064,0.00781999291190562,0.00548276930579093,0.00282015148351028,0.00209468510701869,0.000628087336203232,0.000588069319563227,0.000926505935981852,0.000633115185663269,0.000407452727072267,0.0805017613080697,0.103012555040744,0.0828390155521002,0.028293460323988,0.0168356470688932,0.0248148944398832,0.0251390954671663,0.0176551730535453,0.0164494570243798,0.0184075249791215,0.0180367620993747,0.0147046363531306,0.0246785047577682,0.0255418933637361,0.0141829738352493,0.0070251576364598,0.012710953556267,0.0115534113971186,0.00544372538141893,0.00235090059087604,0.00371470591093035,0.00592429637350023,0.00508053736974068,0.000581799101934058,0.00240004177110043,0.00127619498204966,0.000708034181281511,0.000256738947079378,0.000373299860289187,0.000351944507480677,0.000321370853182358,6.30137926866558e-06,0.000175143515795426,0.000129493771633852,0.000145616426793619,7.73176614814592e-05,0.00143366291620178,0.00251923829293142,0.00130664854023456,0.000122693113657,0.000138421901593652,0.000170446704264838,0.000136893896023785,0.00023596548285662,0.000313647818901158,7.64929749587073e-05,0.000124982022125851,0.000251463434276393,0.0393317288018408,0.0318034699538387,0.022006901909994,0.00719503079782422,0.0017151912625783,0.00454746121599806,0.00928467658551807,0.0125749888608052,0.012919124520691,0.00945189596815998,0.00526459177867573,0.00262303458881843
8.48125763299855,5.01536524177392,0.99677417944004,1.93236156408675,2.58100136107267,1.78397825621446,0.988615560391182,0.703648304546396,0.790716202669998,0.924879421360151,0.800103868852047,0.501299600404159,6.19508573796849,8.4754761540264,4.46727729888581,3.85549475615224,4.34458506877989,3.94340925534742,2.47543588983402,1.5729409625077,1.19106814390718,1.06562490073504,1.01523942595571,0.856248845797525,13.6482819561991,7.62835560322301,1.69485842476456,0.976527998476644,0.487617069268943,0.288241556693352,0.294521067470566,0.0963506502778675,0.0984554505896204,0.0249474222265235,0.0409828315760873,0.0663404730288693,3.74168528743453,7.34305353812822,5.24870199012573,3.43598640585637,2.27901794006122,1.88217960608695,1.88578451489103,1.07102773415058,0.453974814747259,0.355227551195467,0.279175349129023,0.129879864129534,4.37872072978618,1.91897641619517,0.873434875753586,2.17342586879534,1.52334644247352,0.501137301014161,0.495867680987543,0.567110026444821,0.308399693916271,0.255028199132002,0.403795708981759,0.416307851038414,1.89050484680484,0.89237337010932,0.119867876967007,0.0516758102862538,0.0450018522951226,0.0137554788243885,0.0221758501119424,0.0329457921520646,0.0034682885173789,0.00782432574453691,0.0207617287463734,0.0156447615644943,2.02375636648375,0.976400281577004,0.15461511751389,0.0493631600851336,0.0974087132342875,0.0365459671985763,0.0487362631914605,0.023159309361213,0.0370728653534158,0.0243202423199099,0.0576051961154134,0.0364896292423857,1.74172264268739,2.97624370632633,2.65405712444619,2.02691220566174,1.79550795577716,1.02948532220712,0.33949870598216,0.428592255142944,0.513069898962814,0.507929766112903,0.488778533432858,0.466469152001296,2.97103195007186,4.37412380510732,3.91892494322269,3.58868754736134,3.12082515938268,1.50024706329174,0.919677389232172,0.688287169707286,0.5612702336711,0.562814382786384,0.722184742604816,0.744583295582838,12.9373744977894,8.80583301796394,3.6344828107918,0.627852082196975,0.45935694926934,0.71368854597633,0.0330386024785405,0.185875631372378,0.0645154495062378,0.0961061212826394,0.0932098079520532,0.0215160325302548,4.23860107485153,6.79577701650162,6.35031505073024,5.96159786369891,2.89087825416568,1.23254131182592,0.791951680143669,1.14031494456974,1.06178391841972,0.596621286120719,0.559676552486646,0.429738875987293,4.42915642819295,1.71174149810391,0.972661091671499,1.98126664521349,1.15630722026526,0.639427276366624,0.753240448941801,0.479822570692386,0.22251728711299,0.43264471640841,0.399588217232401,0.222276428122599,2.65232258286737,1.42808266879114,0.375863227536929,0.129417609531674,0.103584644976997,0.0309462412249999,0.012950733487988,0.00611126285343463,0.0122384845481287,0.0237406948868053,0.0267579651574492,0.0189651526709626,2.0390255100504,0.941738086595359,0.0900738354916284,0.131106244812041,0.0994215870169275,0.0555540217715718,0.0293685565621646,0.0165674881925167,0.0180700582876848,0.0130533403240295,0.0201075024618195,0.0337159270189595,0.529065390704948,1.52717918249873,2.18821077948102,2.05752664104168,2.7935941595439,1.72488287442123,0.611388186633606,0.684529638511806,0.74759505838167,0.654160811640065,0.553844296759117,0.437085890269373
31.6059772955977,22.4970507038539,7.20799058957909,0.34986822282234,2.0484893766588,1.38330368123135,0.334834640417669,0.686514860336131,0.869755425061899,0.267298699535669,0.49217728106659,0.41938612420878,10.5751592468866,22.1564151476427,7.00335314235342,4.07560391472828,3.55663570457707,2.92355591265973,1.94058475148816,1.97197735735159,1.44856313585591,0.879004275014574,0.987105400281516,0.95596638298285,37.7276539563234,18.8746744620518,0.874882557977336,0.759223360022103,0.0859865145255981,0.244773150496703,0.21527701685013,0.20536305147729,0.0502714662849854,0.0469122157323812,0.075499447814154,0.0121257769563341,0.792409613824775,16.7303385894273,7.34908369453884,2.31705126124384,1.44366837810596,0.128404017064287,0.147509754843303,0.508770924273258,0.660781727365062,0.341702378455981,0.690682250449091,0.666700240726398,8.99291245205026,6.5308963769182,3.55601783091324,0.745181247335082,0.528894370679389,0.768805521905364,0.679260373867712,0.663064341932873,0.463960421397436,0.237033862684792,0.490124879006207,0.458186646212417,0.68478837534319,0.348112064971125,0.304516303792309,0.0926751529723785,0.0300749509301702,0.0293743575301755,0.107371317731958,0.108720911720118,0.125142914847686,0.112952322147088,0.0269436030014077,0.0562565417205418,4.03233142185059,2.62992557381861,1.04490111235596,0.234499490311389,0.2672871022105,0.192175670682532,0.0961577934317891,0.231444961333476,0.142640098914956,0.226798311869554,0.0767539321113861,0.208131735752508,33.8137296389821,23.1448483625681,6.36313285177332,1.21126207673412,1.86730957650778,0.229022513114205,0.896038305623185,0.491709676559568,0.495746406721702,0.693641730276691,0.623605869414309,0.527613553314033,10.5819918629484,23.5737668941708,8.02058957108075,4.714659440776,4.83352045694612,3.18757301842697,2.72903155465996,2.69007425891535,2.05693629944826,2.24400873071021,1.94265981035358,1.56997865993125,42.3696937965956,21.1408862737476,0.432860325936655,0.980531412367588,0.751380043817222,0.142096279946296,0.235387890473148,0.033013533702206,0.112991704859823,0.0689849178946191,0.00447378260294798,0.0479489538617869,1.64281555654287,19.0293572643575,8.82515878853098,2.72955908905825,1.99359401696244,0.814417910676461,0.59292957810816,0.518463118765901,0.609815375900062,0.49719020136779,0.510770165205806,0.26411865843008,8.8943495552845,6.37658151672435,3.16616753974738,0.524425354283918,0.649304913575591,0.792406006138548,0.741165161557234,0.605203200470946,0.278027853773535,0.148504628526312,0.30861045963353,0.327828826892562,1.0712139106611,0.452732919915188,0.117166288214963,0.136973942771311,0.0261200091369569,0.0428418513443327,0.0660931227311751,0.0648968505918441,0.0554462553905919,0.0840540386931292,0.0625616718370816,0.036205443726706,5.34767441755441,3.33728643632226,1.16183166968165,0.373867472162194,0.24561390138713,0.291331407694461,0.0717735574574544,0.237929384941963,0.17318614256228,0.174312864370553,0.0694549913805974,0.127646406886983,35.3058619409278,24.5992913516173,6.42946617186696,2.07585137647296,2.55803995730946,0.538955679374843,1.15832233309532,1.01511973998886,0.63251740983275,0.996570469710723,0.68305821794116,0.561150792485426
15.8597708030312,12.83535954895,7.36702167704368,2.75677328886787,1.65851305415892,1.16726205906516,0.85234158264206,0.590892058251021,0.397783231902328,0.16073375141898,0.178392032380473,0.222756707370248,7.18061906674904,15.445664890087,9.76394843630956,5.81138756552089,3.96435877614937,2.37661180243143,1.24710722307463,0.841695694389423,0.730257700956072,0.450724228562747,0.441169132905996,0.451698397886241,20.6071970514578,10.240038420232,2.52755584687981,1.23624602650494,0.334857977602646,0.0650227487866167,0.0941617256510518,0.0436909937183846,0.0758501440991706,0.0377739859505117,0.0384384811059564,0.0265868389007733,6.50358228047537,7.55637031159813,2.94002744153226,1.3978882676705,0.340586976710416,0.478611535910882,0.0705085748900437,0.0776174322567438,0.152224106739481,0.215077379230235,0.282634219998835,0.314991522143731,2.48146660696916,1.99107404298688,0.967372161783286,0.0757353748217126,0.454821707987573,0.391402744672733,0.262225414941447,0.132377767892699,0.182542082372037,0.316265967602431,0.331578945104738,0.271697855363951,0.536620616333731,0.283085374224464,0.0519611442940755,0.0103029765881067,0.0350080718943696,0.0255723942533913,0.014747752622097,0.0197209493002927,0.00882881922257794,0.00488616142551346,0.0052861310272266,0.0109549232808551,1.68401274894325,0.707031784347958,0.252481820354806,0.0312155242903507,0.0635209636335964,0.0999000675853204,0.0291257807279245,0.0768946284866812,0.0289342079475244,0.0574637278589112,0.0209562903842588,0.063118574691588,15.5667508497327,11.412735741689,5.03852808268461,1.17002733858201,1.44228525298643,0.558020523063559,0.213374181840248,0.116964780605277,0.145153383501425,0.255495874318075,0.301302136238223,0.183524611630207,0.212249348428299,17.08773810946,11.2263161096101,4.35097745911994,2.73581419314488,1.58725719922871,0.952496794540425,0.825798508644622,0.54936146613365,0.599933515785018,0.719513889999715,0.495369593210808,23.8870491673848,12.1387149622887,4.8909653069458,0.715048876968246,0.169350924179933,0.192399843970556,0.0869522615718588,0.0792965511396166,0.097460041782857,0.0867330518254172,0.0224851855157021,0.0560037678824862,2.71730709599328,10.6862395270266,6.43044386071771,2.18410937537946,0.735482240083445,0.14484458500137,0.314352669468601,0.219866988357497,0.261589341880303,0.246840340937774,0.402000923945807,0.45096438408576,3.19580853555956,2.29728280033496,0.859721462285037,0.500922447645613,0.274235491186318,0.299847195301242,0.356368643670275,0.239376608292675,0.235867501179309,0.188358185366571,0.138908089880784,0.090961046464793,0.672353148071836,0.390242804481937,0.0591381486918884,0.0530279911755225,0.0374164029831055,0.0445329194099621,0.0236790137801949,0.00381539864123002,0.00121582998185335,0.0106385497782378,0.0137887038372275,0.00161670907942942,1.68363852040889,0.553405402319621,0.23151786995936,0.0885611127078126,0.0994165809402152,0.101113945719148,0.0468686093673116,0.0291272069229672,0.0147654962840062,0.0494196080264622,0.0120034117537189,0.0290282972066539,14.0501361368484,10.1194417480084,4.19253161524019,2.06372067533581,1.88151500355401,0.843817845652634,0.532322027750108,0.287947653377678,0.370118624358252,0.35613536853466,0.278936067853604,0.184490721468811
0.107339186433709,0.0634433794666461,0.0110094438967908,0.0204916953113065,0.0181476984317978,0.0147520744408873,0.0166026513813732,0.0174946372185449,0.0176877016211864,0.0193374667736393,0.0174492054728106,0.0172797886650886,0.00652626343206159,0.00731293316744363,0.00438956975871608,0.00291132484417584,0.000596357592922449,0.000789781081961473,0.00100079995405098,0.00125767074780399,0.000902956965880014,0.000644594855366499,0.00143463654729754,0.00128285791478926,0.00194340087623784,0.00118355227376045,0.00039174865215698,0.00037490401570443,0.000591387082227779,0.000593074006656008,0.000483903763924247,0.000120402524220034,0.000424172981318839,0.000436150101569195,0.000445446206134721,0.000246756071850107,0.00328354291682337,0.0132282277376296,0.0073683370652695,0.00596489346638993,0.00466856827949059,0.00320520713049327,0.00273693255317218,0.00189738843929264,0.00136857245905392,0.00395373767480006,0.00345738148324133,0.00214430258598402,0.0605475689335544,0.0659707836981395,0.0566659009601863,0.0272952721486514,0.00565182407126614,0.0215514820636245,0.0255868998737667,0.03390874301467,0.0375767794171695,0.0339951824224303,0.0264426257068512,0.0244510898765368,0.0393938757322184,0.0399862292329704,0.0135174345705607,0.00759551092580826,0.00972141073286502,0.00972899796492093,0.00784273807575579,0.00531714616254931,0.00306263518065631,0.00296660730535501,0.00400131361113623,0.00362311472276191,0.143708647457891,0.0690141867435651,0.00472036029578814,0.0127161946883696,0.00825076327300278,0.0032275797417821,0.00674800069399109,0.00827069468446565,0.00593851898422442,0.00525806466112469,0.00462391141212001,0.00264638101495165,0.0983309550174377,0.0566249115422623,0.00284945470114849,0.0161061048099836,0.0114123315006613,0.012103463332052,0.0202095675375803,0.0224958062462179,0.0213657793592875,0.0214955121896054,0.0169048202311683,0.0105283407701256,0.00436386579598405,0.00648988113343814,0.00417848174179715,0.00231256799097252,0.00122337615453092,0.000345358979979909,0.00102468711832384,0.000993175924215943,0.000703539408192175,0.000627988032612666,0.000190617544163132,0.00114835668062425,0.0052542651239344,0.00279063694435648,0.000265148402993942,0.000558331074207169,0.000617370011197626,0.000322986834465974,0.000187136379700424,0.000575075318411423,0.000418794013471007,0.000461414367939502,0.000269543229251544,0.000108223492516552,0.00351283190090677,0.0189385662554055,0.0120116589936324,0.0100252234409294,0.0082280701438426,0.00415898037034498,0.00155218415224988,0.00222374480929599,0.0023758710762682,0.00234599805676851,0.00107620054497243,0.00114922394274088,0.0594509396825786,0.0595152583138145,0.0481410472653858,0.0183719092463531,0.0174557280348728,0.0310033098933092,0.0260611567522573,0.0251457045928162,0.026024072191902,0.0239969700659588,0.020553754259209,0.0187218119254812,0.0377182738144629,0.0290110381330802,0.00822061703859251,0.00893107238139724,0.0097299449977995,0.00502246923458007,0.00326844078769353,0.0026997386063772,0.00108217212737142,0.00132586770148441,0.00169450533497286,0.00130688068929854,0.132571165816284,0.0664858038317482,0.00687103906771042,0.0122920736377864,0.00337294417011964,0.00104951751687599,0.00521306224338576,0.00558406653343341,0.00599053693980242,0.00535201029776223,0.00444887459638424,0.00357613587833178,0.0994716888461934,0.0536629593108735,0.0110455964122583,0.026115685299567,0.0199279179056997,0.0150749809982185,0.0211958798705334,0.0280230275596297,0.031436049715273,0.0318526085138836,0.025093256703047,0.0152637321423078
0.0309250307251956,0.0258099505096479,0.0138064658721417,0.00839555021883228,0.0105366606204767,0.00888239840459578,0.00342307762017609,0.0119483563707251,0.0134714921798096,0.0116300837218024,0.00757295220407122,0.00683027517262469,0.00711573585160337,0.00521332513604326,0.00171152057523155,0.0013655380522154,0.00195106554077592,0.00163507393528459,0.00215134030331178,0.00141514758010638,0.000510778861793896,0.000836702727175485,0.000916851387553449,0.00126290680865148,0.00355652701756046,0.0020262973071951,0.00105676919865783,0.000680436156399531,0.000638227851499011,0.000766474472242782,0.000256874906887851,0.00031133394105852,0.000341007548283528,0.000407879242593247,0.000389497244506163,0.000157110196637207,0.00153638364309757,0.00677940247813391,0.00218230464937067,0.000746557465692779,0.00358725532430523,0.00340330742038354,0.00305166950787141,0.000808914809687405,0.00119320654646004,0.00120393269051796,0.000422216893100426,0.00134785048102256,0.0828733543704769,0.0707540667352751,0.0462546477034107,0.0361327021790004,0.0274025647876482,0.00751791182517641,0.0125643632872577,0.0172103139906051,0.017623398806123,0.0164175109716261,0.0134832324585167,0.0102072657849764,0.00782042536217971,0.0286691273815187,0.0141623411559879,0.00480357314307502,0.00708521567713298,0.00995661734426493,0.00210966982489059,0.00159975395949976,0.000330535252374962,0.00163615131221854,0.000633673924839481,0.00057040316469504,0.0412755630448312,0.032105203675083,0.0342555681774664,0.0211509371244703,0.0145585214133925,0.0112470814278189,0.00109240291329912,0.00425134449832924,0.00425602666135773,0.00204862448784576,0.00158445619018187,0.00250201063403901,0.0392806354886362,0.0243246270282462,0.0111694696998882,0.03623080004348,0.0431099544181327,0.022811745733366,0.0058091732072524,0.0175085303040211,0.0181848419854093,0.0119640104513943,0.00827286399457675,0.00919231804085198,0.00123666127035957,0.00255519269081298,0.00242303631523247,0.00163659270757869,0.00272426602538223,0.00311106574715723,0.00320327904268755,0.00315350704277606,0.00174742161310006,0.00143445358110045,0.0011461896419204,2.98401624437115e-05,0.00328234214869603,0.00267126012210256,0.000765193524005021,0.00177636661994015,0.00189761308747876,0.000826962663760693,0.000225457482402253,0.000460559042617572,0.000537305010720839,6.33694701504233e-05,0.000361712504107298,8.79272538483296e-05,0.00768948478984157,0.0107946723385959,0.00170742491682632,0.0016283229728326,0.00347984590124388,0.00271700435532001,0.000826350606334128,0.000891765380536991,0.00115844014454902,0.0008744352256105,0.00112931538460341,0.000573324264616081,0.048252083557714,0.0498986650357939,0.0369494792169552,0.0208432130565207,0.0123909202863863,0.00722290890117259,0.00492852919416768,0.00956614289792053,0.0119776704651169,0.0107822589850669,0.00985137791784437,0.00855224876391277,0.0288375786960387,0.0261661449768377,0.00540997142783414,0.00524078058743007,0.00347433422709209,0.00639905992010645,0.00621775570456604,0.00273935200083076,0.00306474555128335,0.000304254802591656,0.000650170445279417,0.000776296534775531,0.0393205108920014,0.019437564751022,0.0174707945857655,0.00958126570956634,0.0076480314910097,0.00927854398652617,0.00736405268020221,0.0047046617775821,0.00397769986974335,0.00295304097951799,0.00169817399376087,0.00112747669929818,0.0569902663433083,0.0457944935500101,0.0340872622570813,0.0510563558922789,0.0648471776916906,0.0547992251908214,0.0265482384396478,0.0129341136591533,0.0257087847442632,0.0275056909871463,0.0209465697663985,0.0124716885662239
0.0030937155578141,0.0716409524229847,0.0807068450074261,0.0576564511033677,0.0425267551420693,0.0360741323633001,0.0303414587734778,0.0286430703861436,0.0306947286340402,0.0298871607837536,0.0281349531136629,0.0279164844208768,0.00849175753390452,0.00893287454024476,0.00405117004714952,0.00235498313976508,0.000207494862370972,0.000754700572223609,0.00166488082605831,0.00196068239038682,0.000436578089689014,0.000275134858347487,0.000871128612501354,0.000823576298946043,0.000337278841417754,0.000659951842060997,0.000590596727638785,0.000372276097055694,0.000482616825815519,0.000409903079189382,0.000340251125141345,0.000105799882180696,0.000184403042840551,0.000258531270093369,0.000188933365261286,8.13039808961844e-05,0.0104750438677146,0.00290468195480823,0.00412219022855481,0.00476247425927092,0.00376606904637361,0.00218400208267174,0.00179695258244714,0.00137524736320117,0.00144468670776132,0.00260141724815099,0.002494667652425,0.00095894587646231,0.0520031672938254,0.050641673622923,0.0374040901806787,0.01819193121505,0.00581230560698049,0.0195779955463682,0.0204912650141064,0.0215810979549764,0.0211255110737585,0.0188235611596631,0.0122493201117583,0.00600214987709557,0.0030888236711723,0.0180045138047217,0.0108268221743044,0.00380419281921103,0.00943898351553085,0.00926462353438243,0.00573914713790337,0.00430473196478191,0.000424880223235954,0.000790956582472391,0.00194596396176871,0.00172601715868959,0.0116256216022446,0.0495865611941634,0.0260362535063752,0.00624533640070413,0.00687272177227481,0.00157315163605048,0.0025330166582611,0.00576353649702805,0.00353010831698433,0.00206988317175973,0.00271674504656148,0.00354399595586504,0.00953094064864787,0.0668200709891558,0.0755803185054098,0.0528673824434712,0.0373424475797966,0.0300016263572288,0.024012445699739,0.0203438766785264,0.0217826707318623,0.023873516313451,0.0238115787067978,0.0232275236339839,0.00858052077627472,0.00685786620038012,0.00368907236183122,0.00170626990876633,0.000908835232056053,0.00114141123876344,0.00150408715937373,0.00179576850004656,0.00106520970836216,0.000958568183793764,0.0004701313895376,0.000665556058406135,0.00265309679183914,0.00127807069848009,0.00020375924629354,0.000346941537491126,0.000129172923786071,0.000126993556546061,0.000210245080296896,4.22735187050603e-05,9.0673073888322e-05,0.000148846552465562,7.10783853336258e-05,0.000168006159901131,0.0147673859132983,0.00469130190224307,0.00455923105733772,0.003744075162548,0.00342401825765082,0.00265616141335889,0.00191297894482499,0.00102161042160565,0.00122279264484008,0.00192590698382329,0.00163402777236416,0.000654018319910023,0.0516875373335219,0.0459146234141843,0.0311665836437716,0.0191187600380148,0.0214607256833055,0.0276609636751574,0.0204505534208612,0.0127572329675412,0.0101217892318574,0.00978677024912103,0.0067229276355434,0.00301672332983068,0.0131775329868237,0.012351876357173,0.00784005942301396,0.0101792974839349,0.0125110124904457,0.00693981362021269,0.00166169532244881,0.00272657908290466,0.0011038512572843,0.000770341989637494,0.00114396344484418,0.000693551227946261,0.0160259509184995,0.0499348833970659,0.0246683923518338,0.0127052204832478,0.0110886273318002,0.00321323303119225,0.00443700519324273,0.00569520058051143,0.00384175393996825,0.00225016645304113,0.00109477064910638,0.00178541766071217,0.00357186393641052,0.0671586574826292,0.0730560694833205,0.0490865797613153,0.0339693244727173,0.0293841407462066,0.0288015075885099,0.0247686369279704,0.0210561294278392,0.0175608196191156,0.0134388377084136,0.011267277729606
9.16798597293025,7.898518805855,3.52707572100412,3.13258110127365,2.91537911517077,1.29081428314257,0.541746856091072,1.31414956418197,1.16925124681429,0.899051849380449,0.720616231867351,0.555321473885939,2.53582986012116,0.434771644910621,1.19483247803676,0.4567324661851,0.213158453536852,0.221298742973462,0.165130882058909,0.14041751147061,0.0763653895472893,0.0250826338007114,0.015497096706063,0.0658851658150826,1.68513889010747,0.642536928442683,0.173665040741704,0.0953755342769106,0.065762452540828,0.00876174480952035,0.0327509530415684,0.0094398337899774,0.0159286639196457,0.0207646574418466,0.0272786959273516,0.01911479740952,0.0953557308987699,0.909662553555082,0.981692184539658,0.669768939549552,0.671002560977369,0.654983400721306,0.469360937233654,0.269434620238961,0.005118751161477,0.0695085287841427,0.0743687747243954,0.107755476389518,5.32686704762429,6.27143820218207,5.75269434632504,5.83472728042639,5.69879472883911,2.64184433594933,0.312389510746639,1.12814823071008,1.00198713181162,0.749934070930818,0.44313049251558,0.427490055866937,13.2713455342569,9.63049262865192,0.479397592159321,0.612717511457576,1.31679835655895,0.859728529026986,0.0859075299971732,0.111780666520603,0.00754997063173507,0.0937546760616351,0.0790282599413891,0.0785645821145398,14.5855670125659,11.2626861338313,0.821627773520396,2.19844303059357,2.31172868303376,1.38348230811929,0.371251264146685,0.391174884428928,0.385515106196784,0.0875607434894783,0.0783999352581932,0.138035800903613,11.0638774470655,9.71412326860661,6.20870385711525,6.0849054999024,5.20572303573121,1.89197837968744,0.551888496455822,1.34171990077538,1.17484731758456,0.717210167932699,0.53548500204463,0.528292613204569,3.48235665542522,1.13551391148421,0.644310676576137,0.553216833794041,0.242686564757518,0.294737480991613,0.144472734634389,0.160321446721212,0.13985178011597,0.0424893906230128,0.0446299077846307,0.0749535095603591,2.4467429914424,0.986732166469036,0.0768956525942276,0.0752574492687982,0.13039660554074,0.11414680365907,0.0189450014887537,0.0312710351360046,0.0131459347230211,0.00933611690833487,0.00522364021231992,0.0108086032436439,4.81659388507525,2.27163256534255,1.16699584335875,0.701575880334766,0.902011351438672,0.772990867431753,0.26386021204166,0.0783118672805821,0.108523434202207,0.116031983983464,0.140376382239174,0.100565553367336,6.21879419064592,7.41506084597603,4.58138018472852,4.56082719947908,4.72254456284859,3.43870064274975,1.38510412037974,0.356288323362842,0.0798106439062524,0.104110188117983,0.259598746045569,0.20218910024898,18.4926321682653,10.7284227339404,0.209569597340835,0.944320432058287,0.730576307432862,1.09081876648718,0.512655680172327,0.393567556350842,0.0882866296005846,0.136844150324019,0.164774801841238,0.0882346836448063,16.6403654141293,11.0121683080187,0.886631623370757,2.09370930523648,0.604774765839096,0.760716588772424,0.597342885715273,0.419068872675223,0.375997973139538,0.262314849929739,0.112076491753205,0.0425087509466559,9.99722927457323,9.35586239339467,5.97634377211075,6.59397392874719,5.89488924991171,3.05910125009595,0.723594755447107,1.69364903689908,1.79623355540845,1.28700075974193,0.734807745006058,0.410411372350267
14.8554469455231,15.6189452051381,10.5670219584125,4.71032571901674,2.18601039725914,0.854781765378949,0.479311935381269,0.375637775496277,0.372424148432675,0.609670644867316,0.765827254997282,1.05808406705845,2.01769338636974,1.0533070735899,0.626573413328445,0.284550738428143,0.19698804510621,0.120658813446625,0.102776331433778,0.204357202927844,0.110719192507144,0.127772472236112,0.0326734402646773,0.0374860426549445,0.228914310479746,0.602543706170739,0.0413656968313033,0.207535721992486,0.0817698183861544,0.0451257496346783,0.0950903853823527,0.0418426782847131,0.080269151014648,0.0884184930531919,0.0667832268816446,0.0429263919235061,18.8760735046024,12.4878121168172,3.21940910482626,0.530242200214407,0.435593970054412,0.334941298414707,0.490385019424786,0.195876313150539,0.396379323656216,0.439116076554075,0.183329916030415,0.32162029266142,24.6476149871669,26.8506331007387,9.57350588819735,2.65272428774623,3.01229433311021,1.98533260093436,2.66237774937186,2.55789215456374,2.09244448247356,2.36571199604942,1.68304292907182,1.74044674895985,38.9460870160651,23.4864158278191,2.88610718052901,0.637202595153621,0.988589022349283,1.31328197578908,0.968307801838908,0.474531933397753,0.160041561779104,0.124732340330616,0.155532074723437,0.108913470262454,27.3982473065345,16.787539155132,0.82493818623693,1.02915935001045,0.940104792458605,0.143170783461932,0.366595054857432,0.545212522331124,0.363463248758707,0.286441545211869,0.158999024117588,0.0459473359003855,12.1847722757041,13.9282051244576,9.83498680633699,4.09342313675981,1.5112136554536,0.452471070058395,0.710150725551942,0.778089650325443,1.11259205276795,1.26561682005313,1.12379853634336,0.925975137005626,1.47255814908487,0.759637348748148,0.787288020933846,0.221591490043844,0.260426016138564,0.197597810445331,0.100151863267755,0.0920361449350025,0.145233618974278,0.121171457203721,0.105598683485471,0.0614190665562629,0.0240152022840633,1.32023554992982,0.50248571270991,0.157599288684204,0.0873117452070107,0.0643452464160191,0.0966487906794577,0.0431897313431152,0.0634744020377907,0.0863600020684707,0.0101140975656469,0.0378454267717554,22.0802539561462,14.2792020258702,3.53019313865182,0.799837247447074,0.762743744435968,0.591578228271515,0.308695468023918,0.444987950382848,0.373968083872406,0.193455740237392,0.173407233306063,0.213670601037685,18.4957203965586,26.2948673475522,10.2108725755169,3.20223221127052,3.16458338644961,2.25809140811443,2.5515998986812,1.86676381265781,1.80510062494799,1.37160143513772,1.37017887619381,0.861253476228783,37.2818565441709,20.797107586505,2.47020696071359,1.26011046675512,1.2123446673867,0.772538814406498,0.537772387442371,0.390622275334683,0.275636602729907,0.288364240325782,0.204669739741543,0.225118451407398,22.9906971009194,15.3128927895191,1.92321114830521,1.4764961925235,1.30980157483853,0.30214261916008,0.423206292479152,0.424696678562405,0.427883995849065,0.375289015598384,0.196874590544542,0.101879045585849,14.3914215764649,14.9534211851109,9.89904197102201,3.62985844315151,0.727424350438841,0.351492078435742,0.557522142426338,0.992938576717515,1.43285806253693,1.30318743950851,1.0887088598994,0.691959843822151
2.83150765169635,5.82689531849612,4.44204376995028,1.83526246907328,0.962233741948106,0.690918384040057,0.652197987523265,0.452278643463668,0.441811626376395,0.341675987001101,0.368471713280512,0.167093277507307,0.556727941555154,0.474803445732822,0.33423453075776,0.184122336405398,0.0560014149038144,0.0405215623846933,0.0541510046736397,0.0628933363527172,0.0513570421251908,0.0150209147455946,0.0148259303093399,0.045703513052887,0.403538812964549,0.244055726782774,0.0524243304754055,0.0467312877581202,0.0498634412517288,0.0290048390245937,0.00968420927958244,0.0189001979743098,0.0121811897662303,0.00603348950476839,0.017227427244996,0.00687819259887729,5.98062832348369,3.59835168160694,1.35337092645582,0.564213715646619,0.200659462188016,0.312880582891083,0.18051753665651,0.121835118681039,0.131740525357263,0.0810030823350625,0.0502708040703358,0.0804740298878096,16.1825914308626,16.1417403022129,9.0481792431761,4.07025736005292,3.32986914076803,2.19357410063095,1.36397080260212,0.960866158317472,0.840570429343659,0.635449242990963,0.404503230683408,0.191094932672578,11.2783699431722,6.45571548060285,1.63020410448024,0.912690227844342,0.715102400545222,0.575584798730853,0.306940889658504,0.254020993392647,0.157236470720489,0.116362867177202,0.12170159749467,0.0893579089912332,14.687670808296,11.0763207007213,4.91578752181439,2.0190562928372,1.00258115979704,0.186170245285231,0.192893654096539,0.0846664190895813,0.186853705234189,0.0504835149381236,0.125267176256296,0.0297951975573123,3.99216543297854,5.15692394898661,2.53488163321933,0.612316252039058,0.90534208675729,0.618371427631468,0.455524934432695,0.413977612591912,0.489648916913362,0.370168974549961,0.399233411710366,0.262073175717903,0.409609797951801,0.43817998653472,0.144751840321745,0.113843031584966,0.0486206493036924,0.0463807107343259,0.0184554940475656,0.0323378480122922,0.0307946447177683,0.0244318841490319,0.0191890995832086,0.0245278925522862,0.590614922585425,0.387735022529283,0.0515362860167281,0.114540587304026,0.0668590960797374,0.0305820360142667,0.02986207339364,0.024086835095468,0.0158603040405313,0.0142268932932294,0.000722372061655388,0.00805106512291463,7.54448351637877,4.73885624199108,2.03715820852659,0.400564031061335,0.0869444963555531,0.157485434481744,0.279588993657573,0.0936073972619317,0.0281490421811009,0.109473579715749,0.131185005438614,0.118892521297719,12.4659667139094,14.9150298046406,9.7718441331648,4.68683476235935,2.83887320754407,2.05761651253321,1.24355828282078,0.728236697635961,0.683360349447407,0.602402133297881,0.426516646821666,0.183691932916181,9.9502193950011,4.1320506630251,0.765564491510753,0.76124931461246,0.468747030836911,0.312230002679956,0.301558876411096,0.230431932129645,0.139122909520448,0.151130962918808,0.169198225147116,0.140097011707868,16.4162244247553,10.1902741841554,2.6363359973736,0.30736800299012,0.0941264765362891,0.190585262559913,0.0991418585439194,0.0859052775172073,0.110190641139507,0.103508804623656,0.0932676411370112,0.0950915875552268,0.325665146062345,5.35261249347208,3.50526031845559,1.33134082422471,0.864439159945048,0.867163586383243,0.805458820090693,0.751482597208945,0.605881901052167,0.442709325927063,0.435889805174778,0.303457635870949
