2,0,0,0,0,0,0,0,0,0,0,0,0,0,0,0,0,0,0,0,0,0,0,0,0,0,0,0,0,0,0,0,0,0,0,0,0,0,0,0,0,0,0,0,0,0,0,0,0,0,0,0,0,0,0,0,0,0,0,0,0,0,0,0,0,0,0,0,0,0,0,0,0,0,0,0,0,0,0,0,0,0,0,0,0,0,0,0,0,0,0,0,0,0,0,0,0,0,0,0,0,0,0,0,0,0,0,0,0,0,0,0,0,0,0,0,0,0,0,0,0,0,0,0,0,0,0,0,0,0,0,0,0,0,0,0,0,0,0,0,0,0,0,0,0,0,0,0,0,0,0,0,0,0,0,0,0,0,0,0,0,0,0,0,0,0,0,0,0,0,0,0,0,0,0,0,0,0,0,0
0.175875702256342,0.0917836718924795,0.0465771572571034,0.0308983553657558,0.015444060109506,0.0106917065169402,0.00258179552492488,0.00810375455761684,0.0140185733351872,0.0191526037857905,0.0217625339697401,0.0224526175085863,0.0961789410909007,0.0384750993455074,0.00211704794874062,0.00270741914483315,0.00173594052372772,0.0019358369159234,0.000390601980908122,0.000638890803833426,0.00104864846584742,0.0017114213232056,0.00189345161926294,0.00126977725427837,0.0905767452772276,0.0381345363083832,0.00925858487342792,0.00461486597732981,0.0114895864308686,0.006567882380781,0.00431299826087216,0.00554721586885761,0.00555227734565922,0.000925612637400321,0.00271540323623977,0.00279588936055918,0.216591392555617,0.156308988004896,0.0967401407153328,0.0864421724548473,0.108383378299602,0.0926180906870882,0.0683022581535977,0.0613148603728123,0.0700502410108466,0.0614968668242935,0.0455050589858467,0.0331197434474007,0.206616462616841,0.0823732238493268,0.0362321129954796,0.0285754333750738,0.0532647329826866,0.0331425085903457,0.0404790523609917,0.0309925210021587,0.0256689265927214,0.0283991110936372,0.0255572390361936,0.0246834069825364,0.291488681013533,0.12629063751521,0.0147603331999698,0.00218045914052549,0.00911654199140083,0.00942227768441482,0.00845755655050489,0.000675153983993383,0.00636196653294535,0.00170076385225153,0.000495523434895059,0.0022321046303904,0.235089413895787,0.0663607092307943,0.0820018144302202,0.0755134201358831,0.0597211834978454,0.0507788362311601,0.045618684997525,0.0692447315045205,0.0942330578630364,0.0865731562209645,0.0629440739746289,0.0441161509836483,0.163089801206514,0.0728118839139789,0.0290827959555926,0.0115458943639472,0.014915633170596,0.0220556898099453,0.0200584849398987,0.0217767547385691,0.0262828311147109,0.0237809942456675,0.0145225314529382,0.00774853733363585,0.100720768675258,0.0408203190350227,0.00266877139364237,0.0022587381152465,0.0020659672526688,0.0015460127627602,0.000532540011925286,0.000881591767267368,0.000579166466410935,0.000176222787354715,0.000556026547900609,0.000420723522201674,0.0969941231223812,0.0347141341495054,0.0141659302730972,0.00411677046158155,0.009698731498397,0.00616193460286595,0.00169885516690281,0.00618341778589182,0.00252051800737765,0.00208340371762339,0.00402285011281055,0.00258350538207731,0.241770651732401,0.186152013413313,0.114777936926784,0.0664300109154217,0.0743061271430563,0.0712846379159838,0.0568423530132902,0.0509817735233244,0.054384172142022,0.0488579957952157,0.0410068757496381,0.0230866631844192,0.182950155803622,0.0815835946650552,0.04777780254313,0.0286186254192181,0.0225363225403095,0.0172407271963763,0.023398318152566,0.0196902110447822,0.018108061474449,0.0144635296767319,0.0134336334100995,0.0112206681293097,0.309662713316637,0.135079459676191,0.0182495405224235,0.0129717598615002,0.0114431043741216,0.0142800493546848,0.00418667130487042,0.00377714859597748,0.00484008019954542,0.00085989942980003,0.00143739382315042,0.00254612500081245,0.26742152431612,0.087852782554549,0.0807036509949582,0.0870772541715895,0.0670926827815857,0.0476528529108626,0.0624327779970867,0.0710555187397476,0.075455373843659,0.0656672622686539,0.0485430111647935,0.0277984244021519,0.146705494510763,0.0657007821981521,0.025021670972375,0.0225464213085582,0.00985463451173573,0.0233502838402289,0.00735988718448317,0.0202338169508385,0.000722123254263633,0.0237880073048883,0.00275029876121489,0.0158488337841589
0.0460604874297035,0.0475293550437161,0.0339544338693806,0.0179765681720604,0.0326675051945347,0.0415114619011889,0.0480458603592491,0.0562097510239536,0.0568704164203376,0.0533934897270825,0.0543191142984856,0.0565344921186067,0.00390757714523154,0.00441274008830462,0.00645679188327639,0.0032775503949699,0.00172203835665682,0.00253710115834583,0.00152846841702379,0.00103855385084512,0.00153480247755938,0.00152196937367103,0.00118970151008673,0.000901483422503734,0.00495053105383678,0.0073493459610653,0.00499887646225058,0.00486691511357255,0.00633121149230124,0.00119560158583295,0.00253514382205754,0.0036424735466337,0.00441946806027382,0.00323450904537176,0.00290107481969357,0.00476395340121346,0.121432590127442,0.0985845526479314,0.0479921606699261,0.0383317233976972,0.0259491127249412,0.0426675098170389,0.0585887443471322,0.0468231180500267,0.018138495521737,0.00521740256545521,0.0131630670633922,0.0118623987898823,0.0262117252021192,0.0656241679556666,0.0139440720327418,0.0591166128935113,0.0487446561097112,0.02825208325171,0.0395567889394803,0.0278258372588824,0.0108989681148055,0.0100283903649102,0.006168494894983,0.00584958244053454,0.0600116782746884,0.0280373275491065,0.0140475787757206,0.0231821832785028,0.00603209925646159,0.0132600117406758,0.0040802264221082,0.00167872732907592,0.00203811998805394,0.00508277677871918,0.00219934990223075,0.00265063569211395,0.0854594235940663,0.0734886994737563,0.105149728140844,0.141883324851968,0.158618102222912,0.150310973178588,0.136763343888897,0.0932755385358432,0.0233165694743697,0.0483199047675907,0.0912025022846515,0.0903677931540373,0.0309255341814334,0.0280981263098899,0.0118382751032348,0.0212983919485193,0.0325221583283589,0.0263709840139615,0.0297975219186141,0.0370010294216418,0.037381897175195,0.040812132086253,0.0476395275892057,0.0446036248816858,0.00112027487361665,0.00294934751174596,0.000975607781868505,0.00084781564175324,0.00237381859461296,0.00145548736834364,0.000605268130961301,0.0010618860042621,0.00138026474883293,0.000518714305161604,0.000504773410560794,0.000636980010716918,0.00342495544645953,0.0109397074999366,0.00690147850133274,0.0102079527227616,0.00962903639403618,0.00421843002977746,0.00551237966595414,0.00310764479042052,0.00278149234014191,0.00331918539650113,0.00309493547997639,0.00449567723286623,0.158195238926297,0.116562436609369,0.0363445726578359,0.0402893714762888,0.0115355154261397,0.046307285858173,0.058532778852668,0.0441902506531691,0.0234024836239816,0.00335957032061311,0.00795008652009388,0.0100048499868225,0.0100270238338687,0.0676692854212857,0.0267547687378546,0.0439180587508298,0.0432342078115219,0.0306822519225784,0.0215567933843241,0.0164043661441147,0.00773030309877537,0.00668116243171653,0.00486279276670275,0.00441342338563234,0.0208271486837082,0.0161555127272976,0.00311938663770646,0.0227712933070159,0.0107592054704959,0.0114906107835729,0.00886702975833711,0.00554999170632848,0.00616705849008036,0.00259205222349459,0.00234238148046402,0.00396079572706087,0.074190022150888,0.0829065771226038,0.105074533867475,0.134751612212981,0.142963483357366,0.124959953730254,0.11348778181374,0.0822680037815664,0.0422096516628214,0.0622996162575795,0.0749260874214252,0.0526171066732585,0.0209972277850663,0.0197717522227708,0.0146647753113608,0.0148001018520099,0.0141176917996579,0.0169685456604365,0.0159963687128702,0.0315861980649922,0.0299589753983203,0.0395663331050891,0.031991840539884,0.0323940394456008
0.228767689106024,0.0994984904784835,0.0274068033950229,0.0146511819309676,0.0139902707624414,0.0141874562791666,0.0143296796407181,0.021806285055417,0.0234836418355951,0.0184925563725751,0.0154413468153183,0.0204424907819733,0.182780818241481,0.0768848640575991,0.00118934436187312,0.00109068358322519,0.00169210484919081,0.00125002583857695,0.000369845291462689,0.000628924049786271,0.000480737045820316,0.00127772230287344,0.000695603240829566,0.000427775420508366,0.206790930458797,0.0837680677137064,0.000928270100004663,0.0075611263077925,0.00588053930760871,0.00307995648654172,0.00407983749459212,0.00252103849396353,0.00205109082485133,0.00135392555581641,0.00136581603688406,0.000786131251075722,0.284924826060208,0.164324500488527,0.0314645049334046,0.0144949916318658,0.0199673749553813,0.0378919139333465,0.0406908579364834,0.0457100882799115,0.0464409378749257,0.0476657718376592,0.0388572304942891,0.0249240603192467,0.0706646571444171,0.0368920632269304,0.0374376870930368,0.0314979098791323,0.0360004199265047,0.0214358989715648,0.0239478425358554,0.017083806818262,0.01465933351305,0.0144305066340235,0.0129149238375029,0.0108339439142974,0.0658111985668636,0.0503660971301596,0.0216749267255814,0.0131800223335774,0.000522162313320692,0.00506868307828785,0.00456270256012043,0.00271621967476097,0.00155964349412607,0.00175923836033318,0.00198626416295933,0.00079732296077937,0.10815282065995,0.102363388550207,0.0893983653896687,0.0639908443761274,0.0833265712292862,0.0882765975575185,0.0805512615652902,0.0626961108601099,0.047197361303098,0.029602934279544,0.0293793842581971,0.0388549596080402,0.213680018021482,0.0879680401939735,0.0156534824636093,0.0071320406775854,0.0202773078762993,0.0208376116565043,0.0112117318732915,0.00923694297694522,0.0122682515024876,0.0111055276337047,0.0130611886947482,0.0143557568565559,0.181744790405181,0.077895183073904,0.000496121708514171,0.00155109384048751,0.000894068749422173,0.00060795549941983,0.000459820994403404,0.000654165949192407,0.000603334864915135,0.000158747395948694,0.000436950557314082,0.000384698866266621,0.202218074248694,0.0823671052932252,0.00227854784629377,0.00620096098425283,0.0025466341352551,0.00352807985531481,0.00417762318945035,0.00184796908568016,0.00175192014278659,0.00212724435322363,0.00203056091959103,0.00182462419636954,0.28632547315508,0.165852561086864,0.045748601969169,0.0142549502557171,0.011719971525579,0.0285379073251949,0.0307256214828994,0.0312985163134382,0.0331021769595797,0.0330231483145798,0.022984909842706,0.0146653460628871,0.124151154420628,0.0357462850197049,0.0196197607126805,0.029574493875111,0.0166035106577565,0.0125724630226175,0.0158345509965462,0.0101066448510548,0.0100976576091817,0.00737086817409708,0.00815631178551585,0.0063990966161049,0.0764638136511295,0.0606600355854916,0.0228023241469824,0.0160421760921642,0.0146357576277567,0.00967802328383714,0.00346080359754975,0.00349093412787062,0.00124689649423064,0.00357972525624744,0.00210476218857879,0.00200135823090302,0.117429839893253,0.12360746860631,0.106616638399984,0.0664162256378629,0.0713406694389909,0.062216182152797,0.056065122448557,0.0553877071357647,0.0435308579076116,0.0218148119285129,0.0252963093932975,0.0333102568472393,0.195949529351123,0.0764811347872942,0.016813398101184,0.0251532031436332,0.00956889336578172,0.0243245404654879,0.0192351551918754,0.0161260562024584,0.0234470323366418,0.0237991315110971,0.0101969730185078,0.0256115634073937
10.3944318757246,6.71247296261609,2.27847909966802,0.337347178958182,0.70571747925669,0.624189862312505,0.847431551679008,0.709416001498668,0.454714284619498,0.204877930891943,0.226683468033795,0.332038585206668,1.03794518240583,0.442215124287488,0.566013310101096,0.394457073556111,0.16055924357659,0.0547571318967838,0.0277173509107167,0.0199304262551494,0.0246661138310871,0.0263674528652147,0.0157865706045603,0.0188526556990674,1.437622513669,1.65839420772232,0.617123105050874,0.56619442141703,0.330635746835793,0.191033765296811,0.0702016452204565,0.0976736524204424,0.134418150294243,0.0858382062680825,0.0691854137045278,0.129083980476496,14.310051739721,14.4365627056544,7.05007734198563,0.39149708978746,2.7358082904624,3.99833900223874,3.25110078275782,2.15150144015724,1.16043460695226,0.839205117229019,0.670635840724912,0.599822665601781,26.9206323104669,18.8227643654656,2.00998575009548,2.04545001402638,1.74330666367134,1.21536126817311,1.63844952853157,1.53530951991606,0.814430329519272,0.485634023693222,0.208366142119835,0.18229744194935,24.3916821921038,14.4348197920739,2.36636860517307,0.723408443209675,0.409106367096981,0.667226159417503,0.044206137494893,0.178659176211215,0.165796658284425,0.0566402688998519,0.113563067389578,0.114234454870947,14.1518214106922,14.9734573216566,8.55608700899689,6.48430785435304,5.63517646030601,4.48328119784343,3.47682857869806,2.45129355015536,1.11593739400771,0.568677221704695,0.838566839512697,1.00077622644154,8.11898189358305,5.31639446895684,2.53209780059364,1.51967373612498,1.35730211988535,0.574489938412246,0.433010048207379,0.441101264957382,0.315240065344175,0.236950972909748,0.258574676726974,0.283432460498338,0.970812261782735,0.708921964772786,0.18151477642059,0.0759173560428089,0.0340572459966587,0.050992226513446,0.0145633553647957,0.0337287119863848,0.0187393642748947,0.0129308697376518,0.00664397546074158,0.0082908184516833,0.550920703044103,1.47189205421777,0.909724038113368,0.579417957731066,0.281924405018134,0.047855983201568,0.143313689513874,0.0514366293336292,0.0196871553918544,0.0103734662158538,0.0857999129766572,0.0636709962646173,9.05567194156033,10.729432660792,6.47797043212286,1.62081862223593,2.38028809570667,3.721449746675,3.37919429812057,2.13915419376599,0.854230137685245,0.547334543905037,0.66546125815478,0.417964220506362,21.1623946200981,12.5447646648879,0.506034474564504,1.06275294580928,2.00075747188424,1.63130160500753,1.01506702509747,0.673026804510943,0.497103633924151,0.408777703403619,0.275729457944871,0.149758539126098,22.7966069982347,15.7199094490764,3.75672674997698,1.41209910320977,0.660433407321276,0.711879342194714,0.28112365680274,0.121296831470471,0.356824010246371,0.234940715018264,0.232712128208417,0.239913746763322,16.5299410811134,15.285504880761,8.19562724501486,6.76870127365347,6.09477806013099,4.46288966438548,3.35939941521244,2.36675241127428,0.620356052629859,0.448463905195526,1.07153520695498,0.894039278595352,7.29224092402223,4.35651512221042,1.72065028206809,0.679300235144537,0.812098086028659,0.29513349586435,0.76643941707246,0.548368017297201,0.420430849145992,0.20846250748918,0.183667330416082,0.125621022466878
4.05791496666393,5.16060069591707,2.91858410153903,1.32365494059679,0.241200241700686,0.589549750586562,0.536956926676556,0.173891699278899,0.365432593587758,0.45749570168399,0.536085008733763,0.569194692466173,0.341145326780276,0.878276963979114,0.098444585702434,0.168536568709662,0.0840910042989347,0.114795914667432,0.0539770316039901,0.0541606102286837,0.0318225011183718,0.0354812846547171,0.0202015767035317,0.0412521492762453,10.751251793592,6.60889208848502,2.30933642468946,0.2934899689942,0.641886763319073,0.300712481411104,0.275666105319001,0.393445650702769,0.145539396445227,0.202430968334421,0.180883287723126,0.12145439495186,30.2377846769177,26.994655450543,10.9543817466251,2.96494908043231,2.73174521885901,1.01847524079821,0.995786201915139,0.592373700944447,0.514198291633263,0.859614987315848,0.73202236690462,0.55081896618878,22.9935042387854,16.2167353673065,3.45495922633372,2.97415312270038,2.22234250839036,0.723428878632101,0.976051060361335,0.614585334708865,0.224032364061002,0.0798237595306885,0.12122245525224,0.265560850863825,20.9215180387838,10.0868141527388,1.03229610865112,0.863492184931878,0.306901673558357,0.393380904013221,0.215516698079799,0.103250470337899,0.0869922360595414,0.105541488840329,0.128315858871148,0.0793675231903102,9.59777135520826,14.6982416451165,9.30969703071279,3.97783330308183,2.09250210077759,0.523619721053983,0.825510235604725,2.02374016295023,2.63645986744396,2.56104027175321,1.87293004363491,1.40433039464443,2.44701980508652,3.78743536555614,2.07858333853517,0.674274641898764,0.532294493103999,0.323113955112142,0.182526287964151,0.433114238236298,0.586373777518634,0.538282224230199,0.279542680233983,0.140961558519891,0.00460454177960978,0.988678678411951,0.347228708793011,0.15939348906437,0.12584493571279,0.0442046264914456,0.041287058817475,0.0369527920741481,0.0452343878068336,0.0115394908538053,0.0173462532828829,0.021673153523158,12.2263784088941,7.5942221454282,2.97720535310948,0.247168441509572,0.343915631097486,0.164498886570532,0.437730947689687,0.342257952989375,0.107348058369742,0.206625823248428,0.140085433389064,0.0667511055658403,28.890447839496,26.2088235569181,11.1160864545044,3.19147594641008,2.79906649919309,1.16674036402457,0.27146096212504,0.153225576397999,0.343349338612304,0.463038968226465,0.341604445987671,0.179913573001006,24.9360011513256,15.9290193049905,0.557011172674429,2.44073706610055,1.13860204813423,0.334731245100813,0.447372221345631,0.353188275325309,0.354859868810221,0.145565112217767,0.145057862402574,0.13584586269224,25.1239396139292,13.9434663399042,0.186525242893977,0.651071484039333,0.34777991617648,0.827543344706653,0.307103127401692,0.100183124480878,0.38607135532013,0.195929080831155,0.253757690526247,0.210101673492816,12.8294120697103,16.1353514270971,9.73934948804439,3.70611509591474,1.34727109941069,0.777931566515976,2.31358445674205,2.49914558659068,2.57738117160322,2.1530426216821,1.7225483076801,1.08018773637604,2.36863304910376,3.12036491721911,1.83714677096985,0.70616475058052,0.488065073751338,0.419209667929311,0.300656531487448,0.165649763189568,0.243470220998756,0.219500466841597,0.129765526243734,0.286807279641174
5.15741225547779,4.06301678403211,2.79126836932642,1.18186364131882,0.74595310015823,0.791455945958062,0.501546061345328,0.261902219163667,0.536569180881692,0.689646042991358,0.716783980991374,0.660271514829283,1.24038836355547,0.525073345613031,0.441031255473536,0.254513513837584,0.128707968703775,0.113326094861321,0.0418250909362848,0.0320130061104472,0.0102157325909929,0.00443522101203058,0.0285594331840388,0.047740194588913,3.03684919726243,0.958688285739772,0.211708446859192,0.394172996802303,0.396793524140182,0.191914770713174,0.148288140064071,0.0882093444729684,0.137284551956096,0.0796244604267594,0.105157958287453,0.0517192067211416,16.9351899311341,15.9662889674626,11.9609508886321,6.51842461062456,3.57927129741304,3.38167492883894,2.41429434880477,1.47089583465059,1.03694965723326,0.944646814358036,0.887802637971818,0.599523522936205,4.43600877684328,3.29575704200957,2.83080602776218,5.2675624288044,2.59635022374999,1.06258687272836,0.793190436982162,0.712957041745216,0.642152260733425,0.350433820634259,0.24952221321435,0.0628088554516374,18.3072782469117,10.0885090038102,1.80726036562042,1.73690880142891,0.76900361789734,0.137997835443868,0.140120465822041,0.2438448319848,0.0824109472668742,0.108383525637627,0.0456818926027809,0.0841375562111585,14.534140709524,15.1215052245152,8.13429632311224,4.29239900139059,2.84866686619197,1.74546988727811,0.839816328125857,0.461445370580256,1.20928787965479,1.69127231357158,1.62584702017125,1.15555045920762,4.20561099471767,3.06158772908447,2.38495793822406,1.31875152066128,0.198697317645366,0.669770130905,0.6699683958584,0.429372544251759,0.484412964233235,0.508880012025674,0.458697455918352,0.191589298685496,1.33793004425898,0.57791614622285,0.0475083487735571,0.0640115392881398,0.0664069805083743,0.0417730459222659,0.040457546577799,0.0136485891359642,0.0144368623130719,0.0317271831979668,0.0173523762160308,0.0102918062498251,2.26660507349209,0.742404644074159,0.770504396810241,0.50023733399164,0.503173862148042,0.0836071358415076,0.181052725193549,0.0856458728717822,0.0802405369217301,0.0652860207845702,0.0172171484501027,0.0929679177624645,14.6265308715597,16.956115416822,13.3251054004265,6.15260405929739,3.05607435202322,2.58352910899002,1.87678442844659,1.09255114589662,0.529266956419877,0.673432074333351,0.815896578585092,0.62425642448324,10.8157990697716,9.09681245405651,3.92450524596597,2.93456129367518,0.895486491599704,0.728079471068806,0.30360851467948,0.26343697283589,0.351022566444612,0.252774314257681,0.237908629295027,0.155091024623356,13.9889609641872,8.09616788132167,2.47717242775634,0.655734131187917,0.166052535034251,0.14340855009365,0.276061987835397,0.0896465942919801,0.120685049704744,0.0610288638745635,0.126908853643395,0.0692556426544726,10.3889069993763,13.2849905735957,8.3878764756807,4.50529346381121,2.65373708016749,1.92100033657503,1.16699161205769,0.849808645897098,1.12284564028406,1.48648205195981,1.3106089272351,0.936491934136015,4.0278706917354,2.64725441361588,1.57714466989252,0.651510875295432,0.181087925793585,0.272744063469076,0.294533699550738,0.299793168787241,0.161223494514091,0.203861770423947,0.137594201571968,0.276348926098536
0.115737888325573,0.117897585974023,0.153915821668419,0.0911946217918198,0.0980950011535742,0.116076937792302,0.0949033654360428,0.0885384690846692,0.0931056678890733,0.0916902334939795,0.0782688718125856,0.0664278268708813,0.186340556912713,0.118361467261116,0.0215631350676181,0.0119784783973554,0.0119115358243873,0.0057292429370395,0.0153896449410074,0.00480649094113162,0.00476774158295977,0.000683473034344778,0.00725944496465906,0.00292793438142847,0.280451370544744,0.157145105771958,0.0804453662720199,0.074881184729716,0.0410584403397381,0.0432718760869844,0.0409408090230017,0.0311895183389495,0.0129114544468047,0.0142492243504648,0.0264056219004303,0.031606575848236,0.18600266138738,0.129205260490287,0.10309808194188,0.0951514198019871,0.0596540527493746,0.0266936054805024,0.0367255551481868,0.0599155406034703,0.0593268893313647,0.0701575964391222,0.0777095380117571,0.0641101287789057,0.0474214933811748,0.0178976190943682,0.00262678109959904,0.00240766792516149,0.00128449756233901,0.00166401367413855,0.00251147823388326,0.000266666790518286,0.000921649097429719,0.00266676719651233,0.00547412529661121,0.00636660293282898,0.0433535177605088,0.0163774835477196,0.00431304084470222,0.00121733279996513,0.00167713239029937,0.00233097531787903,0.00357317362620768,0.00143935796359188,0.000902963888138672,0.000773713581265033,0.00280657486695536,0.00287341530894177,0.0385558516728555,0.0332889261418799,0.0715600228157402,0.0490187909225298,0.0410455973981978,0.0250870003026606,0.00683576007172878,0.00481233520025517,0.0099446726039944,0.0160608865711251,0.00946508828235105,0.00938595479892034,0.0981322183162579,0.108919113420862,0.160555917624644,0.0950601671380578,0.0702502380913113,0.101728128189674,0.0916237908353015,0.0929064581397394,0.1057251327884,0.1083180487378,0.0892169509158939,0.0668367189268671,0.213144225165415,0.129121375411892,0.0189136773087821,0.0120663564663232,0.0250616982290898,0.00687404666507013,0.00924791982963064,0.00651751923576628,0.0119939103003317,0.0023596258521955,0.00287879581581475,0.00331453611464664,0.330525124931199,0.190516367516548,0.124947794715833,0.12318586285811,0.0978952519135422,0.0931410504205548,0.105611379364394,0.0798369221119226,0.0571711284063053,0.0381501371294041,0.0313623572791263,0.0248141442719523,0.177511080434894,0.125551799163887,0.0993421483689,0.0935672486248501,0.0569334070867758,0.0270699129510366,0.0583600063760193,0.0732043275681549,0.0679911213659059,0.0408104137415577,0.049446893195447,0.0640059159805076,0.0535434017688148,0.0220707845431817,0.00126339323161342,0.00178228400474351,0.00165405860744467,0.0010440616048515,0.00168173322911799,0.00266535029785476,0.00288895090717528,0.000533080587836263,0.00355199736218015,0.00456748461013578,0.0502369766271127,0.02139920100421,0.00441012997289636,0.00285071188867365,0.00131767226279158,0.000798922140340773,0.000284360840022234,0.00060477785763533,0.000596339275975874,0.00129586501709538,0.00173005058364045,0.000762800255240264,0.0712720381465156,0.0488243380918735,0.0829471726964037,0.0683347171097571,0.04933649210868,0.0218589485045886,0.00984892576995508,0.0163113634927192,0.0187035040803796,0.014932461898908,0.00942507794953443,0.00457793151323245,0.156072394175093,0.0866111566642,0.109212846256332,0.0644105003013819,0.0892732582990256,0.075315624787174,0.0656039825953069,0.0816207532003748,0.0887567161355863,0.0789557136941002,0.0603546309768658,0.0423101986381989
0.220289562238905,0.1640025313987,0.0641030694329877,0.00531322486707612,0.0502598054391695,0.106617868850865,0.101464860191011,0.051954314732144,0.0101397322748665,0.00886275838119958,0.00901563649164132,0.00434854202737607,0.0132630236100365,0.0466593780341379,0.031412680465544,0.0211338124563291,0.0254115662632434,0.0190842922918682,0.0314250141560785,0.00674702206755051,0.00782118089363993,0.00323986259937458,0.00125798791558133,0.00220666446679329,0.00773697200748759,0.0399296441530532,0.0322793936913396,0.0510554651969642,0.0677789476021592,0.0708568132907259,0.0538940157948284,0.0508415160440631,0.0217406245624012,0.0130591479295674,0.0192110597583414,0.0191590001262973,0.0541655214824682,0.0720870201589044,0.0770045518673426,0.0796338916633361,0.101972736850137,0.13092306210462,0.143710249928941,0.13675789501772,0.11107805937626,0.0933411751977706,0.102382925745787,0.104747906394843,0.0292456862142422,0.012717716760246,0.00112198724857969,0.00229407280662352,0.00179693783407394,0.0023747315551879,0.00325812504865915,0.00309034912323841,0.000939904055301052,0.00208211251153241,0.00248436677962889,0.00159788246783707,0.0158568486207615,0.011492322521797,0.00154872318310467,0.00187776070044311,0.000918816716610589,0.00127370208990086,0.00150034452331002,0.000901289996030508,0.00063953326390465,0.000373559040961521,0.00116463465724965,0.00154479499401599,0.0379678789368686,0.0384578053054067,0.0166510465649481,0.00752799961373499,0.0206220061042932,0.0151666474378592,0.00978729688087683,0.00869701592283495,0.00665876783134365,0.00967838201569956,0.00830476375501658,0.00628763216852568,0.210755130686667,0.170698562898101,0.0872919929508122,0.0326039526003999,0.0370059072838395,0.085586555562684,0.0914141510101954,0.0602751490904296,0.0221982283190269,0.0163519169901241,0.0291029855356123,0.0305596585581103,0.0188237203687832,0.0323995940845037,0.00664997579446391,0.0108968286092757,0.0161451688623062,0.00752676210062994,0.0154987668660077,0.00295106221038809,0.00624377958684395,0.000877549635642183,0.00195030569716621,0.00173591343045876,0.0234507803659208,0.0195060585195146,0.0508413827117212,0.0916575473480771,0.107814189962292,0.0882052763552069,0.102619314079018,0.0864628461925999,0.0445676281208953,0.014546347479003,0.0186200763879027,0.0343465638428038,0.0438911756800348,0.0605621736010598,0.0720854639012469,0.0677057621488406,0.0592637498067447,0.0914024263658014,0.119544779896107,0.123378981128403,0.113571165943338,0.0958120128509434,0.0956474975019395,0.106679430129,0.0128128081186844,0.00586027002575997,0.00363589052865589,0.00455376660350662,0.0022844264023471,0.000887889031276142,0.00250760063857566,0.000866176644404875,0.00105737934909214,0.000399079210922391,0.000487884164744156,0.000543776478660207,0.00156124983277282,0.00573918470272109,0.00213207868482876,0.000868567873039589,0.000981778418844857,0.000599960967373654,0.00196501301612669,0.00223964010745849,0.000737261750880314,0.00159863271736164,0.000854663439532714,0.000762429770713188,0.042237737650002,0.0382735899494537,0.00444908010425971,0.0270534570904487,0.0271222083656368,0.0202092387569322,0.0152571871781647,0.0154647613596331,0.0157911846778536,0.00283541541426233,0.00585794776264072,0.00514670543479078,0.224392811416729,0.185009015344774,0.125992421582737,0.0695472115964854,0.0327885526994777,0.0551019953611835,0.040866408625543,0.0125174791078234,0.0217899074036324,0.0239809964771691,0.012968457167909,0.00128519307993257
0.27991437454084,0.185670124320047,0.0964262112463861,0.0271967081815785,0.0574115802888462,0.0918238086370936,0.0783523130457144,0.0713906506584701,0.0816551896834683,0.0728784521838075,0.0458389110780121,0.0221737414778192,0.156441588157863,0.0691086681846759,0.00189125613323504,0.0152068720835772,0.0139835809434968,0.00941852052394246,0.0129753578610499,0.00816178500504418,0.00625431737178751,0.00335595330201177,0.00552735441080782,0.00312990695503533,0.118962504849214,0.0688221858964386,0.0617730898065106,0.0294906819790628,0.0097178343772555,0.0164031264752658,0.0186394363806757,0.0161557095552781,0.0146331254031954,0.00950539336723875,0.00290528961199299,0.00817866532777009,0.264678966931893,0.188540455276804,0.0965898232722662,0.0531673624043916,0.0307389945807405,0.021674399432977,0.0127926034476494,0.0397827084412459,0.054490215967883,0.0483670620975436,0.0351435972552535,0.027490386980689,0.203187085719916,0.0821979063146842,0.00189507081746854,0.00180202388664066,0.00285288263619185,0.00180935359164458,0.00363921459917647,0.00116849559778113,0.0015700884057998,0.0012598357285734,0.00383584400772006,0.00409999386528215,0.199130162400382,0.0844138171108937,0.000964024457899716,0.00175129159280235,0.000952087900719499,0.00127069731374655,0.00206151151142201,0.00210375107995619,0.000752666989894369,0.000900394382875627,0.00194076211404289,0.00217871050614632,0.243738907247226,0.0883311525495892,0.0184247223901512,0.0200715377655285,0.0212679774063447,0.0202057837707355,0.0155756509616206,0.013145731867743,0.0146453858694972,0.0152186872942543,0.00859017774755195,0.00071590438846646,0.259076876664942,0.15998478714176,0.0907361603300866,0.0451063682631982,0.0391458353257763,0.0805869091639104,0.069493553902392,0.0677102814330726,0.0908973866443797,0.0959279482325548,0.0752903655820084,0.0550591018098175,0.187918776932637,0.0992513015843009,0.0218103821735047,0.00470972745765669,0.0328382236020114,0.0149173390648253,0.00874709166628456,0.0129134227805457,0.0118683154064497,0.0050865902662045,0.00352997390773212,0.00405661039690773,0.0902379049908699,0.0521927315223497,0.0799286854719993,0.011845298718917,0.0180650955100446,0.0529677466247244,0.0511639619787744,0.0292845233890942,0.0456312968908104,0.0323631251571214,0.0216774426545192,0.0189565141764447,0.260858026662301,0.166377496694132,0.0777173871370041,0.0520002513079898,0.0292889592326963,0.0196457267890583,0.0229998318174649,0.0394949868437852,0.0572127479794008,0.0578570111443781,0.0365251247856379,0.0270733209215394,0.20012543340248,0.0838116718093848,0.00300586324791668,0.00191374681141342,0.00126180742085408,0.000330399978296075,0.00125371790740378,0.000819725305719085,0.0019087392653307,0.000256730348545188,0.00194045143135882,0.00205880586228827,0.200238514362999,0.0847011542329857,0.00173376092258161,0.00226833427920274,0.00145714565308407,0.000497146697515438,9.84652891014884e-05,0.0011695733498049,0.000873771952886535,0.000832241106783548,0.000909900808135236,0.000457060797541359,0.246704731426372,0.0882354588009768,0.0267965505221953,0.028979357299788,0.0263966443663858,0.0201163276431038,0.0144236114554332,0.02093945677765,0.0236585480592198,0.0144305199671482,0.00440706799621131,0.00362127425744701,0.242241650516222,0.156698249492318,0.0800972200796598,0.00710885926304298,0.0762410877513325,0.0768001268188738,0.0617009159892541,0.0714849780006699,0.0747374482042134,0.0695698666672613,0.0551849726487725,0.0452664167483528
6.41361252920073,2.56353183659728,3.42321174857501,5.068539794871,4.7708158650252,6.69231026712393,4.81411094542975,1.62662973691068,0.300069018603452,0.633589049865607,0.528511833247278,0.565290037239922,28.8521738106576,16.2665315253727,2.49499546571704,1.55826264958668,0.942308592475914,1.10385764365926,1.56065677996169,0.283238489494509,0.305247467238185,0.149153806400787,0.105686128550925,0.004838788691319,11.0140638313156,16.297727760013,3.2968171262157,3.00532625773177,3.07383135149315,2.35727885294796,1.09143383874774,1.06303885600554,0.37221111507848,0.79812727473028,0.726590917345115,0.347515392314246,15.0076513358699,11.9370568331692,5.85956856997201,2.62909103909448,3.47300201748435,3.76452111647715,3.14665553697302,1.72549105032845,1.22430940890181,1.70278998792752,2.11979491130928,1.61759859284605,1.49192937194256,0.277651837302097,0.329785350836314,0.235972460456672,0.172970344832767,0.362071279691939,0.359885511392268,0.171697353487552,0.0964457002201122,0.118809448610515,0.126809448231896,0.0834142285688217,2.42226233470174,1.72127536543551,0.697216730533131,0.114228574008335,0.0537814247636007,0.107910045357473,0.0972066508038092,0.0428840451832432,0.124291574145012,0.0251260353247646,0.0166411643395415,0.0258306239685969,0.842978910396405,2.42385974614714,2.58277735590494,2.01156589859555,2.40545017948799,1.92856675623084,1.40752452104508,0.87408166490568,0.302278464827197,0.162422271330834,0.160696227074256,0.124538317795258,1.88781713634171,8.72033110974542,5.39580594335186,3.93839825953573,4.88480279027441,6.65636668938871,5.38538133571925,2.69105261181572,0.732402483787285,0.793595914305717,0.498371478088118,0.516706384230541,27.5836070229844,15.6358867958126,1.63526239065763,1.16117569153441,1.29717727003767,0.0428180810346841,0.634570825403068,0.30629076763471,0.167116831063466,0.100126473864161,0.204266164888191,0.0954297284277972,5.60812537862769,15.2913910751466,2.79684952194133,4.3765992185383,3.59635583634539,1.91972812980759,2.16590457438528,1.46515536170558,0.571461102695485,0.533023769114106,0.805894723473335,1.13621200444582,12.3509333724978,9.71135712379047,5.14847202524832,1.40385133209324,1.72064861921513,3.05680849165323,3.37458738689111,1.97352913499594,0.836124677981773,0.704623778798981,1.3083265687376,1.82840694484861,1.26830080351636,0.460041185955181,0.364137635276704,0.299230216557467,0.172552656731289,0.249112273632493,0.412428546105419,0.244072355857759,0.0363786196309326,0.0372886278535502,0.0447587778508539,0.0474665548259772,1.20918050325065,1.44128218245364,0.71815510606848,0.22841102145001,0.0211752950520535,0.092374106290313,0.0668509492024869,0.0639106738758221,0.01526791611243,0.0405308709059728,0.0187122544438725,0.0132512947331712,1.3233005806699,1.69452526631726,2.86843022337018,3.77259078884914,3.6696158566946,2.8186007226465,1.79292292278449,0.86787929910709,0.470240555262886,0.182365094228596,0.24755516211233,0.212656868686885,2.30391393821724,2.60754668226849,3.97774967061256,2.85256159517603,4.54223203011593,4.85263705465551,2.41378369900729,0.328134675341955,0.501509132215839,1.0497900860824,0.875414095248848,0.375105799475425
8.08286294495176,27.2649076122904,13.8355967619316,5.94838525943472,4.61094073050641,3.87211599041102,4.74258844051472,4.25358556173295,4.16284922444955,3.81169719950294,3.56203043048051,2.71435664024994,43.5448849359568,22.2025786620899,1.91245176222204,1.13324938459157,0.618780334863408,0.579209072980018,1.15668685193364,0.297256728890792,0.440079170590397,0.240894970123862,0.54111755366488,0.0563845838665005,11.1506954886492,21.6419391490737,6.08939582922968,2.21771534605265,1.28929657298811,0.6217957184729,0.679504953123364,0.367995954658107,0.342163827431583,0.60603849432706,0.603446296639225,0.513931177637985,17.8836328581234,15.8627461454951,9.73706004710151,3.45638495788281,0.642287168718096,1.19394203089234,1.76722211565832,1.60872300516459,1.41887403430971,2.02374766141789,2.46753424469359,1.89516325659622,0.202598635018515,0.525118921097971,0.876515649641677,0.0902694058017428,0.221638119678969,0.121083132847377,0.249080321009584,0.30485919748667,0.176507786376348,0.160231550581083,0.404085494746113,0.434347008310867,1.3279557815675,1.82404946970612,0.986642618676281,0.12186128559951,0.179512189183407,0.184079013637604,0.211953126072768,0.0946003575037764,0.082531310196381,0.0577352391673643,0.0734251851231094,0.0748372712078273,22.6328738140676,15.1766780355735,6.84671889117845,2.02647354567668,0.635189070580543,0.543479932141434,0.596220604878353,0.215649154425299,0.308407998213283,0.622106400596794,0.187810281187316,0.263174088778371,3.26825766481778,26.941103866762,12.1796453541612,5.26844998443271,3.86137638491789,3.13777044305035,3.27188588490178,4.02168427659188,4.03052024584303,4.38064366919396,3.64263752022222,3.35554295672163,46.0811870189723,23.2635359569052,1.60305616341645,0.588593761519911,1.24973378810007,0.345134476921354,0.207756857323427,0.307144330826636,0.255835179950456,0.141108259123061,0.188642289223401,0.0132379133840834,4.68407848272818,22.9922428889168,8.74083017508475,1.43892876469758,0.359608759999344,1.39713616665147,1.86625700192775,0.829569221926905,0.472912874060647,0.506909507181803,1.11936042641125,1.23231772203781,13.9172953767665,12.3049070861647,7.63444375244591,3.42982870037984,1.41527932983206,1.59961067797514,2.37970216681434,2.21454971737349,1.38220964343697,1.99386704602887,2.778226612268,2.57130161508591,0.501789478801717,0.25338046431808,0.156143676869962,0.221050962865262,0.24563948824797,0.156735092630696,0.204695739494659,0.464627660849401,0.250540724237959,0.00162252974474963,0.222965242501207,0.311247628990926,2.64331007963663,1.93799443022534,0.639157977000077,0.477008199210259,0.370566012003968,0.24232672054666,0.224404713099959,0.23983014769255,0.108762215299995,0.10219502762573,0.12112018102702,0.051453210785078,27.1157804710373,18.0376880428466,6.40755308136767,1.14785871304096,0.800828129577253,0.863394356385953,0.587706361975379,0.100561958926945,0.390402021533927,0.587225439021415,0.177529811883825,0.312072249221661,4.0162983377208,24.4297314593471,8.36090843664601,4.98367254244463,4.63275267633691,5.34182505390764,5.28259828728803,4.04417717453689,1.03943740347305,2.75068932757487,4.0067224966094,3.66243416761306
14.7345592645662,15.9717946859878,10.8086108239118,3.99894973154534,1.57748162093332,0.709146548010042,0.148006676113131,0.202398879641944,0.620436456812223,0.792919851194044,0.595480080851602,0.397108995274038,3.91043464329389,2.5607970570037,2.8099698074965,2.04531324468033,0.983594399345278,0.189575459634497,0.68146674193076,0.123162333151327,0.0913206574874123,0.0822356451841864,0.145118501069617,0.15645401976262,18.1412480034414,13.7704359721746,3.47133544045538,3.7439608386734,2.34044331970244,1.60598745879483,1.31614273704734,0.990437778130309,0.384957897722436,0.142199027069636,0.38508107506187,0.452940506056479,2.46278723886481,5.73516758794235,6.47167654378955,4.78956718762607,3.90059045933757,3.81768643366351,3.40008597047883,2.86995886342377,1.9627745064086,1.43072962819936,1.4632632880326,1.14723523350527,0.132474601025802,0.362762973027718,0.0833535730328393,0.163163995172849,0.196732720484729,0.212653873190511,0.185120818571672,0.0979651062857088,0.0191862744364826,0.0358089916679187,0.0467953640474901,0.0468496670631192,1.2935160503868,0.860788346833615,0.219157747141323,0.129025282303903,0.0470413111629447,0.0372242802021,0.019371800673705,0.0415522920555288,0.0257569770782255,0.0105788046284642,0.0282848082274669,0.0141494658917437,4.71467612456602,2.45080714256839,1.83023623410105,1.21282805140531,0.369868297144589,0.264094047400881,0.192181958712093,0.044106004535419,0.106838755939578,0.200628711574092,0.165504919988843,0.130455977792242,5.36887285901204,10.9363207496373,10.0073656278637,5.32334023801133,2.41419188539948,1.22290226753708,0.850830845754413,0.836025221689353,0.88166151645858,0.921459412744376,0.928849817227293,0.788397517042283,2.71315872807082,2.68560005376102,2.1727440652514,0.380062852945368,0.14955558687483,0.289600777554353,0.108609520132474,0.193905453044517,0.0232751698275517,0.0657959040050655,0.0849817607276384,0.0508213337912797,13.8662637473473,12.0183238679517,6.12847643871834,4.61051037140062,3.08475956009314,1.81094449185572,1.82103768379855,0.993999787506234,0.259856186249091,0.243999326466356,0.691910245046649,0.826212978041873,0.270399026376303,3.50926776795245,4.68408308768069,3.49325971269717,2.34185933104439,2.52022165905707,2.85872939178952,2.55477083332964,1.9397930227078,1.77544786650095,1.69229836740257,1.58892798543669,0.0165318468436785,0.0783310385073944,0.24736787525246,0.198215881931713,0.179437796651393,0.186030428693731,0.275867510943918,0.225031675931059,0.0366275602861645,0.0200251603781752,0.00635680132921163,0.0231341302130485,1.13675214423374,0.670564796966027,0.178900882411538,0.321746399271423,0.253226952863689,0.0984132661639615,0.0433252678990124,0.0860616536831979,0.0964881423763424,0.0395645844314999,0.0334315874266388,0.0452711736274974,7.64806389784462,4.65440725711237,3.00626077854734,0.934184665336468,0.257726530930218,0.613024974899556,0.209351601315109,0.152662221645189,0.232658473113935,0.301695414013051,0.239733460243825,0.196747580859723,3.48911056477561,12.9732743214121,11.8327842690804,8.37775200350986,5.94131720565713,3.91705449009631,1.58567335134948,0.763985382673801,1.99506986041739,2.18186183742748,1.38481221608059,0.878409230409434
