3,0,0,0,0,0,0,0,0,0,0,0,0,0,0,0,0,0,0,0,0,0,0,0,0,0,0,0,0,0,0,0,0,0,0,0,0,0,0,0,0,0,0,0,0,0,0,0,0,0,0,0,0,0,0,0,0,0,0,0,0,0,0,0,0,0,0,0,0,0,0,0,0,0,0,0,0,0,0,0,0,0,0,0,0,0,0,0,0,0,0,0,0,0,0,0,0,0,0,0,0,0,0,0,0,0,0,0,0,0,0,0,0,0,0,0,0,0,0,0,0,0,0,0,0,0,0,0,0,0,0,0,0,0,0,0,0,0,0,0,0,0,0,0,0,0,0,0,0,0,0,0,0,0,0,0,0,0,0,0,0,0,0,0,0,0,0,0,0,0,0,0,0,0,0,0,0,0,0,0
0.173974915166203,0.106966418150152,0.045746966602333,0.0336033386314306,0.0341614220339648,0.0213767184669376,0.0126996001028777,0.00923623561629939,0.00394269848364735,0.00292056505116764,0.00542890578808549,0.00593990232745443,0.0656397398145791,0.0485371742814857,0.0323431581623273,0.0306030883138809,0.0271410824570508,0.0199452175374242,0.0149253377245636,0.0145048856754199,0.0132847953624582,0.0110085159971426,0.00777538588093232,0.00668141483454806,0.00106383478038862,0.00272741656375249,0.00294048437527392,0.000245772743411428,0.00094374659179821,0.00101372445102045,0.0015004204383155,0.00116732614176628,0.00128652048191033,0.000420538622810807,0.000693230717663821,0.00136356378610922,0.00388151940184144,0.00360554284381846,0.00117011427761158,0.000645919570171176,0.00111377190967981,0.000421793844552764,0.00031165287476315,0.000146604546648847,0.000575854859622835,0.000520331228850664,0.00100280346011187,0.0011409020590443,0.0298850281807404,0.0459567332254111,0.0497941987885928,0.0480930388532771,0.0435751630352091,0.0319995513667972,0.0161233950379134,0.00781268444740518,0.0107413700029543,0.00992399534719344,0.00347406620130678,0.0032815392442562,0.0273100188162762,0.0279148567400272,0.0339338296497447,0.0205799082911424,0.0568564541221569,0.0581918420534667,0.0516921992264354,0.0449929457035421,0.0356016387100058,0.0283249492969109,0.0217925723121731,0.0184351224364835,0.172222143831224,0.111544309213493,0.0265249922479991,0.00771003216981571,0.00442497817413867,0.00274771758956874,0.00683154526876772,0.00408046532516522,0.00229274023596322,0.00128759070187568,0.000775584909870438,0.000776054782069382,0.135547894870956,0.052159865427412,0.0550689009852158,0.0567020719461191,0.056327727375118,0.0489368635289181,0.0294988698434602,0.0120582622857897,0.00723348635784376,0.0058736601877089,0.00508927831885029,0.00331093661435596,0.0290196408765457,0.0255766055551452,0.0125261385788454,0.000784669458525704,0.00284837954365101,0.00565096681396388,0.00463576720160622,0.00230377522571031,0.00518101698274983,0.00717847326795052,0.00492975974468554,0.004986544767316,0.00256979075345763,0.00119017311639803,0.000907423116613758,0.000594702698450732,0.000517264535592495,0.000633019829114479,0.000612173603201572,0.000876306108255337,0.000794436627864186,0.0011057454211824,0.00131822845820443,0.00130104593903238,0.00924253680665402,0.010814059332148,0.00780485711487346,0.00397648907902762,0.00550396957229581,0.00241080728627031,0.00452743650439995,0.0022707394498932,0.00123919403702441,0.00196638991386825,0.00113570634079727,0.000990888344808016,0.0630099259051035,0.0761493699443429,0.0708975047795284,0.0515575821258045,0.0694695890128273,0.0650041447117094,0.0399667423927768,0.0222041669990726,0.021849033330426,0.0206675012997502,0.0127718162390704,0.00432223032683046,0.0488030648734373,0.0561612304238716,0.0298510092730086,0.0224195991602242,0.0219888908679075,0.0135659085526683,0.0107287832644981,0.0130221267423678,0.00862850925587244,0.00739458296306571,0.00487405234540086,0.00537055553235891,0.178211067487189,0.105404293623432,0.00929554379493907,0.0206092624068651,0.0162629878143877,0.00238895787765653,0.00387739089835357,0.00508672533634743,0.00354619221307265,0.00240452422552797,0.00282256893058596,0.00448682001594143,0.0744995068822657,0.0248392397748547,0.044556851454379,0.0529721616914014,0.048582299709736,0.0394388898507972,0.0337801573204676,0.0327271023213439,0.0269561619356426,0.0243795514732155,0.0204492478527744,0.0182167958590237
0.0301351690055129,0.017776234554513,0.0283116256811727,0.0417719367679939,0.0234659343482336,0.0158011009441408,0.00573732900539012,0.00870047055561191,0.0208866578906679,0.0232970415811327,0.0282946703455746,0.0285119592602276,0.0505802852394899,0.0362537864354035,0.0170422921664773,0.0354858732922519,0.0397703396409209,0.030564774364817,0.0201043086269947,0.0171233076376196,0.0199948865693878,0.026122589459589,0.0184948473573559,0.0055851578714259,8.87042882672956e-05,0.00562403083616741,0.00686010753855782,0.00374327111321636,0.00265305558259245,0.00196668446841297,0.00166703364877896,0.00324905035699787,0.00352258312951455,0.00187306588236902,0.00246555623001417,0.00260810059700179,0.00364742936637384,0.00189934085506382,0.00168436680308026,0.000625028845187672,0.000423229051901134,0.00120666184806805,0.000622314979279268,0.000315562702125002,0.00021193099680129,0.000127446083320816,0.000505257163804022,0.000439247112484849,0.0203111799773299,0.0193458926467861,0.0070501485059728,0.00365459260242202,0.0103367885012109,0.00974176093603157,0.00293331453183686,0.00334997580802709,0.00334063912995675,0.00439195826935267,0.00579318955162475,0.0042524471706209,0.031295853608027,0.0308502162448804,0.0191814690544221,0.0188597917770517,0.02383466095038,0.0192457676848661,0.0141655695635376,0.0110976766367361,0.0119939387796008,0.0138970378490735,0.0141747477720707,0.0141067727324622,0.00447345287263694,0.0137920277197961,0.0163432004872108,0.00850554986734557,0.00443968570642619,0.00613549958434669,0.00472244495856931,0.00493325271814433,0.000779021436977412,0.00448396102775827,0.00537113547781329,0.00117361128208089,0.0533107693135396,0.0455264247071692,0.0332436325430535,0.0484007784938115,0.0515922403758626,0.0246503406880253,0.0155378064338321,0.0387443749070893,0.0463773980970459,0.0447100257888136,0.0285790184845742,0.0359272405772598,0.0142024371920575,0.0171442919037612,0.0117123401034328,0.0105595092632867,0.0162665006025328,0.0136959266287463,0.0106315319991721,0.0043681823252702,0.00155813818064185,0.014188434786415,0.00709981162487974,0.0189612809992914,0.00795592785712821,0.00498701796986893,0.00187838717963811,0.00196795899603832,0.00214823276307976,0.00138249858654679,0.00146153333194278,0.0029120475907973,0.00312415815509159,0.00344445924209244,0.00342194614806578,0.00236745051195688,0.00119164247661145,0.00262779878638454,0.00176586865964706,0.0016014434735346,0.000535348148231628,0.00171716124165978,0.00104687495237598,0.00290627744047541,0.00291084710599526,0.00165822371128501,0.00111555046444662,0.00081049756538303,0.0317555753802741,0.0162496583926504,0.0112206460696843,0.0190414025077553,0.0189504345425338,0.0159522838952441,0.00734050327805493,0.00434127338425582,0.00930657850041407,0.00203735542327616,0.00653632049223658,0.00569913929418966,0.0177154822123635,0.0233978973608372,0.027584347149263,0.0166085935208938,0.00601956032572298,0.00730852601551118,0.00253556922975462,0.00476698269618632,0.00517394301123742,0.00599162669509574,0.00175483494689051,0.00236300462375546,0.00169272096752024,0.0150439914724244,0.0188182522610838,0.0136258814062555,0.0117169216985113,0.0066808729480267,0.00382555489550154,0.00582326768892334,0.00255679057340235,0.00817429971981219,0.00569465753970306,0.00627162469530039,0.0507639471561212,0.0415754506867768,0.0410213701922365,0.0576514938321202,0.0531493210515568,0.0321621622680977,0.0195098681241099,0.0252536400076441,0.0337417620227895,0.0318330653856867,0.0137756099914701,0.0148051649904689
0.0998509843970449,0.109761947189264,0.0812419657965908,0.0294874584949598,0.0210441813396444,0.00998629085323232,0.00609268982990922,0.00836551681814282,0.00773148433290716,0.0117887161714076,0.00890782449457361,0.0148539478164692,0.016460442586065,0.0355219564504127,0.0287318838086009,0.0144054189039902,0.00348610180825749,0.00474446289244804,0.00714334353080261,0.00699479518452991,0.00812059751971642,0.0103129543761029,0.0171369201254276,0.0231547666234763,0.00521678704499705,0.00255418888218323,0.00133756304267487,0.00193184407466056,0.00226552502156826,0.00245374936253993,0.00190968705693638,0.00147968825235433,0.00153222361964984,0.00185466236360502,0.00161899938501661,0.00230240361353888,0.00619318090123726,0.00253860033671367,0.0015404094590718,0.000804605498352817,0.000657324566993433,0.00034304985552378,0.000387298333630775,0.000486346101300629,0.000494892490199985,0.000356021203830154,0.000394401008275645,0.000380588631721304,0.0494024841640073,0.0253633315725927,0.00475329601196915,0.0035539270861873,0.0107760534294529,0.00985559546025909,0.00467059343909485,0.00436635861359838,0.00549959358601601,0.00466467384663209,0.00127646420544977,0.00191534273895638,0.0668643270333314,0.0591675605056292,0.043491983579121,0.031328315295268,0.0347894776412138,0.0292334211773566,0.02318256593179,0.0210769471103596,0.016877644708764,0.0122850266716442,0.00876343958555557,0.00731548951024107,0.0183679847503431,0.0492160125172329,0.0457291016548924,0.00775639890475,0.00311802534764779,0.00242737103972756,0.000859610255638997,0.00158766489161515,0.00153902081003471,0.0020043127391672,0.00296421721825584,0.00317637619585417,0.0797645895890468,0.0995361973771126,0.0950419399246584,0.0465104739985017,0.0251471369025248,0.0226456548166422,0.0114868943262998,0.0158311160692631,0.0238720360292783,0.0209023343431728,0.0227070364490341,0.0279591721053895,0.00967191306129189,0.00226094249304369,0.00793092684390619,0.0108549040685919,0.0131661693000338,0.00876653207872695,0.0117496488918711,0.00780061380710536,0.0139396520018905,0.0100140550083193,0.00384035798184863,0.0177492579536621,0.00236677906286053,0.000946847833816623,0.00171311499071005,0.00162720384982421,0.00179916251615582,0.00211353802879497,0.00242227502865759,0.00216913153478847,0.00211956227970952,0.00242777619760913,0.00257099322156344,0.00280579706402698,0.0142378551064364,0.0081175892480141,0.00194492617277196,0.00173362241344784,0.000367994837746696,0.00135616042056118,0.000377393072633256,0.00128056824190775,0.00143966086938441,0.00039623525953245,6.93005619353957e-05,0.000334695418430427,0.0764181314950866,0.0510470819342608,0.0210600899228455,0.0189657206303868,0.0269494070694129,0.0236782909311467,0.0157175649089013,0.00984594988378669,0.0102072651594766,0.00783070442559911,0.00387968443350738,0.00133935776747093,0.0207774430121915,0.0251051230577929,0.0273613086911677,0.0112086499988335,0.01668663774393,0.00909949805937163,0.00652998825386209,0.00764015684657214,0.00335182278974012,0.000897268772825378,0.00160098613433229,0.00139653928481239,0.0675402348637294,0.0707954141994195,0.0431923364427441,0.00732787536281592,0.00544091321544576,0.00341804838520369,0.00688265810118008,0.00473550892055842,0.0067228032196091,0.0059300056827201,0.00294204024358915,0.00295885415401033,0.0205283733283798,0.0616532754560659,0.0489674033280751,0.0224262817346873,0.0144113442882944,0.015198718607872,0.00981960732197586,0.0106689489446761,0.0196980403573326,0.0258969526549494,0.0265689009563205,0.0239668959121608
2.55462373902466,2.24796669894189,4.93280638522148,3.10240696446973,1.56347271246185,2.41117670191022,1.80363917308795,0.308053441515718,1.84986069051332,1.67185760731563,2.3415476269381,2.65890288436281,0.377782483091917,6.67978412904929,2.06335173054051,3.82675271247253,2.23833446962344,1.21346018549113,0.768272856475561,1.49273807351566,1.54319596064364,1.41994018794471,0.652398356458414,2.1536199651851,2.92748441073713,3.71977178844802,3.36948026344296,2.00553591687013,1.03966459037623,0.668068503256745,0.500738559708651,0.48766306994412,0.474505169124236,0.40539319638815,0.345495163695228,0.36682508887161,0.304138355421978,0.0756755107562857,0.253425435876784,0.0685865443877402,0.0633456011445215,0.0782904565657653,0.0874528362190393,0.029169318426576,0.0325226237016584,0.0355634541536405,0.0404136545502055,0.0196785454622467,3.36872560376437,2.80232076373074,1.48951318751677,1.18474266942502,2.22224877478066,1.46545635184481,0.315551951042234,0.474086619171958,0.489297987968822,0.0794942134963307,0.279096146963396,0.442672099904141,2.712639257722,2.77805691075328,2.48384159509332,3.22831607357379,3.9796072763831,2.75266767495347,1.8823336176961,1.32241092400053,1.24987075515104,1.30083728188302,1.2086796029141,1.26373477789527,1.85736031844379,2.88768683704126,3.32836721733187,2.97481180133536,2.22793640653448,1.70099413458398,1.52906389985162,1.08902462266726,0.513557642860919,0.818208793308474,0.588427856203668,0.437475807753765,3.95696985441481,3.20359655474352,3.28996672343964,4.15008912389047,3.24462974569085,1.27896756188831,2.74457526596895,3.92462692385863,3.04963481185682,2.94884528327939,3.257953645542,4.15465113729725,7.45777559007411,6.31074949218786,3.08550916007141,1.46861673537208,1.19524788913951,0.190260979635872,1.20366914447796,0.699027522709115,0.909560668916056,0.831072804466538,0.806149752125745,1.09630416339204,0.435440373970692,2.16573500893492,1.37782191985607,0.991716269058503,0.719415144241609,0.571884148503979,0.578141516820259,0.552804694163319,0.509200469854708,0.504283869212549,0.529699905229532,0.438528097851229,0.553184285928353,0.297968288288807,0.142140438404034,0.47846364006712,0.372777946805544,0.311819886912437,0.0707801331972104,0.195722760238445,0.190107286648555,0.0548723792422628,0.0600438200058523,0.0365201581247437,0.0333726283011345,3.02626397891856,3.38466605825462,1.8567265597989,2.78290052761282,1.95539986313573,0.555030233374101,0.91282155098592,0.946540325594849,0.0987743618062277,0.747321348752079,0.744487264614552,0.0596820483167396,3.20403661372723,3.45697941215505,2.46114724716255,1.2938173650392,0.581336491153888,0.168532020655535,0.733570706402865,0.652474615946097,0.882209048844376,0.405207796283969,0.161118126849354,2.4240151297324,2.79414213762923,3.5535172317035,0.766559737092673,2.09526297360971,1.92061468751679,1.26308292725479,1.0169178122935,1.03624768390137,1.23173701454193,0.555332136157167,0.671261988064367,3.7016447529198,6.62606073333177,6.85369262980248,5.98884861405923,3.93834800004079,1.79991319845308,1.64289659748631,1.83013526890392,2.18387607968965,1.85175040678281,0.880086162184922,2.19279306981617
19.8551776157948,27.9078554604233,11.4726836391506,3.16152416760707,1.80147548270722,1.57760004026396,0.788344741470793,0.804765180670398,0.868381517254122,0.775271646742397,0.836600027903966,0.596694110664576,17.696730470114,13.7540432468337,6.62759027938281,2.85904029679366,1.13287135442019,0.23837877885197,0.0753718590561608,0.2467332682913,0.508781231481957,0.81491991836447,0.519380279139973,0.145212849909214,1.10405090734486,0.519543289798493,0.422638541845048,0.224629531644968,0.112805666298561,0.0758952651109649,0.187532115955858,0.122754087470149,0.139209363441614,0.0866756049869837,0.0657524653354597,0.078505289661664,2.99195131506824,2.40397594676228,0.99289514232456,0.235624573787531,0.147066219005526,0.159550107986884,0.129619068271119,0.151447520191816,0.151343748990282,0.0873954178995548,0.0949080428915167,0.0750581739640444,34.3924992673246,22.9615414562796,5.08715385963949,1.74836379242151,1.75000208970692,0.229107362613638,1.02962300226879,0.2416430201243,0.284856514488349,0.330751524874853,0.135028643674725,0.210739966747057,13.498341469849,30.5219549240136,14.220876128101,6.71133861609448,4.96640118930643,3.30827233956655,3.06025298404188,1.88815237507993,1.42050357730382,1.43734877978115,0.731069556749622,0.853615842813257,47.3276193657452,24.6101984961223,1.95955268543671,0.523337234354221,0.262408007882796,0.351131855707394,0.33448507533774,0.488556675584643,0.409939677272326,0.231892599414265,0.316994867729664,0.274887173296356,9.79001941811915,23.0673923734913,14.2711264607279,5.29455934304766,2.4661650936311,1.46669486274091,1.49243426474869,1.32080374664945,1.77426265790177,1.32651824108691,1.10391744397862,0.706479972114925,6.93761633872717,4.49668034618112,1.88111004009988,0.0953110836754433,0.369965943192584,0.195677267811795,0.0444244785337857,0.31857950541618,0.181275848633561,0.244498226798995,0.259494217465646,0.145236524466646,0.259237314864749,0.260571725719436,0.257988887284181,0.0415899621445792,0.023376788817892,0.0354203407347301,0.0931136768548831,0.0803791292868981,0.0379890420985424,0.0555842369463855,0.078388628224381,0.0559790312013371,12.36781080718,8.67582641147151,3.12722224243704,0.261407278606433,0.291685610990975,0.367819398539218,0.346574511999752,0.151784060924716,0.195512374894011,0.165116803669563,0.0253068184677482,0.135239317855349,32.77235443224,29.2045530978826,9.69501175791227,5.09976602315255,3.98685275119637,2.35737698680091,1.96789218929334,1.40657573067565,1.18457529183936,1.01090519253203,0.688933312972479,0.752606084560274,39.5913957130224,26.5103256906606,4.23732023947315,2.38813393812483,2.06190032557988,1.18569409258453,0.786886112585414,0.896214757273194,0.875033737764235,0.397245637452201,0.203357363046453,0.184712925827918,38.3151484441356,25.5936643130609,4.12235128652081,0.737811527141569,1.56235485252624,0.533296779194157,0.189480912949067,0.280410849080257,0.385587489788414,0.46245545756719,0.517294321950705,0.347637260819718,19.1608904259155,19.66349568042,10.6849370553098,4.20054677807589,2.7225128559725,1.2508852982146,0.344369773542909,0.488110685259348,1.26540726986431,1.37468772312261,1.49230931891892,0.991557559368935
1.43698472986279,5.52243558831296,3.90439399697065,1.77552793796992,0.477096818912442,0.294364535761531,0.183343864148784,0.42302927508341,0.365522192469545,0.252743019624827,0.130324104960669,0.0728229219235218,3.39517051870285,1.58444063442155,0.640231660666031,0.312621677820671,0.880845511026234,0.773159876470569,0.65845564282128,0.711138126316278,0.611313590234678,0.47468219979393,0.241481037033936,0.0335341268372912,1.88611774294941,0.679059394682295,0.19070331823737,0.120405082300258,0.112895977256236,0.0835407198210878,0.0358181623537029,0.0550711407299054,0.0596914197229696,0.047377100687561,0.0425924533565706,0.0368414664347049,2.70936739685114,1.25344236495618,0.35518696962357,0.214486283045593,0.0295969807360902,0.0602233319320165,0.0675846163606657,0.0298758382881362,0.0297188278977403,0.0433550824312715,0.0136241900986675,0.0193688661028883,12.69199927654,8.18222812802118,3.06971316885866,1.54010797114087,1.9827448698592,1.10670716602787,0.28073143562333,0.116796249415618,0.0540801332324259,0.122509884665976,0.0438850118674488,0.14532768840095,4.3133257750888,14.530106627722,8.5400654696714,3.17154967910816,2.38152894010807,1.28618718845144,0.961938900180779,0.599441554502361,0.263345707882618,0.32017079126991,0.280162350220442,0.183993507537524,15.3112008024896,7.68586218895881,1.53938912556312,1.55800915492383,0.58017134486901,0.212102059930221,0.338532263931456,0.190585581224114,0.0746140145821996,0.119656089440958,0.0374414288017362,0.0614734826855804,2.38308330190509,1.91130109974449,0.787804713867147,0.73804420987504,0.912715348254598,0.71704010647323,0.693961618404347,0.51144087713221,0.258443129600179,0.209099695296513,0.286013604120111,0.295137576635967,1.95508197571079,1.08598381004177,0.473781050833751,0.265939787545636,0.216980636005189,0.179934669907571,0.216474808238933,0.143675701386229,0.0429311904695945,0.170990057654491,0.0623487282026736,0.159914872474224,1.91572806243787,0.6635098260713,0.239665978236564,0.0653312016070859,0.0553989036751183,0.077061910700825,0.0684768758752192,0.0384618477024853,0.0121169299797098,0.0543287608649785,0.0320267306121958,0.0322855642493551,5.01545950583404,2.07279757153146,0.47912988678876,0.267362909596725,0.129032738217879,0.168330608067908,0.0815063084793455,0.104115608561899,0.0875715601356691,0.0589213434873888,0.0611909138985079,0.0187831176771769,14.0038178604811,11.1537329343463,3.44140026250226,3.07624218448229,2.20106598305565,1.33871913471542,0.638099789012169,0.293461952523743,0.213033176791689,0.268953821593855,0.251152091388228,0.0871904194417182,16.8681244934241,15.8292326638472,7.74389336675249,1.85866513699296,0.1821606085718,0.187040124379174,0.165160579859173,0.0958328973998955,0.108128782994671,0.186808729264237,0.14725432666548,0.0870022110690983,6.2262246393331,4.91529968298245,0.969601881493225,0.628934282532586,0.698237115827976,0.25546985025905,0.096942152462415,0.241504512479194,0.0440046421715812,0.094194324549245,0.100971265098127,0.0216414260111883,2.73393566080616,1.14725528036728,1.00558596078596,1.16818623655941,1.08110218390308,1.175034843835,1.16529475434985,1.01342986935597,0.83701885764384,0.719040123517121,0.476934583937377,0.317760429284146
0.00177562858165691,0.00573198794157929,0.00204815750331909,0.00241453978002838,0.00161467395277291,0.00113296879422316,0.000412996116090847,0.00107232237147366,0.000558782329156164,0.000658045942375248,0.00057108673448993,0.000245751364751181,0.0700398699453655,0.0749529558837581,0.0655452736601855,0.0542671104021843,0.0569739517578362,0.0442013446514165,0.0313593061415505,0.0324794096084355,0.0320995381988622,0.0241384282337524,0.0181999679143134,0.0209765681936049,0.0319982835697389,0.0314010246050328,0.0299493842875588,0.0243655665956193,0.0339270223803721,0.0373189466886987,0.0349302569435715,0.03119492137378,0.0294556215437442,0.0274473928735298,0.0225755452986632,0.01864746497405,0.177359556429401,0.107400594477251,0.00651015746549287,0.0232017053666326,0.00759588972931844,0.00874290066971574,0.00805858754072836,0.00556000772900372,0.00509979753464065,0.000514061020339744,0.000227595515418443,0.000816333953358172,0.0884147677014245,0.0244934491101273,0.0486402925741702,0.0557265303174894,0.0452706381943984,0.0332575589564934,0.0314461179575467,0.0310166313380719,0.0221034739253113,0.0140436496236847,0.00693518080659158,0.00684431709614229,0.0144726894733783,0.0132284276043161,0.00510174143318636,0.000117639072169634,0.00185924498086881,0.00116001748690507,0.0013224980608964,0.000614411316803148,0.000517907371143907,0.000579121332109647,0.0015545070020713,0.00123298194742319,9.19247509326877e-05,0.00144974220831308,0.000919694218565631,0.00124090838817132,0.00105435677310327,0.000414417994630237,0.000398378277596917,0.000299662704153914,0.000337402086339187,0.000501874086158285,0.000787604129496462,0.00054770372268395,0.0115150945824197,0.0277831030861948,0.0323173159447488,0.0290651160076223,0.0218290861888847,0.010509916925871,0.00400121522627993,0.000996163130555689,0.00366225425374286,0.00441297942938814,0.00348922397283841,0.000833612910699929,0.059840345630544,0.0643688873724411,0.0531310749113258,0.0256638761440744,0.0733071938206455,0.0788726729300879,0.0644686232009835,0.0559914987111302,0.0528176351772907,0.0473386453604586,0.0358200664884969,0.0259492296410783,0.113337320838433,0.0844882020814945,0.025943374786686,0.0244866387603422,0.0130942229501329,0.0102808453538466,0.00507268461506158,0.00528622842886746,0.00135699451876926,0.00370430739039368,0.00139766049166355,0.00168577226293574,0.139731980205113,0.10925086037409,0.0727593839283907,0.0656221543939869,0.0534804812348255,0.0408352792167878,0.0425567578508441,0.0425741070111432,0.0215255784175414,0.00642822718291476,0.0210540548373609,0.0286956008045494,0.0391847863762784,0.0370676532274872,0.033197496022305,0.0294820798051615,0.0233520709888531,0.00759509852062902,0.021651820732332,0.0312731956395085,0.0318953406639387,0.0242201102917325,0.0197642609349186,0.0173795180609441,0.00164443708198937,0.00256585888609117,0.0024897177279395,0.00126660191299829,0.00229920549952398,0.00113639400853663,0.00084251787597238,0.000868071177669633,0.000646400953289134,0.000903142487091165,0.00115276983333019,0.00040508530615043,0.0027745310381713,0.0035117455988999,0.00237703451176787,0.00162487635703819,0.00147540917697423,0.000339974690045762,0.000530697235458935,0.000188408537337128,0.000131954207359102,0.000334513192224909,0.000170292575271303,0.000236772460817755,0.0386188459295035,0.0452335493363009,0.0462273457902369,0.0412685108506446,0.0335547875074074,0.0240440849451111,0.0137858079940031,0.0127599545759773,0.013856884339085,0.0124885488300334,0.00645356311591263,0.00384249169915221
0.00667832624434675,0.00808018686520455,0.00270990229388711,0.00141796019608467,0.00112615471975744,0.000880544106002091,0.00135502623692364,0.00134696145052965,0.000469914507783296,0.000981634758682277,0.000631330145596369,0.000184204744387921,0.0024111881458436,0.0219082675987784,0.0147169919988857,0.00568264996231214,0.00988566692711702,0.0168474559024463,0.0126367567151079,0.00791254044805067,0.0138725892159657,0.0152797092398758,0.0123563303853686,0.0105720645782164,0.0368016630288443,0.0609174465224157,0.0422166438863642,0.010188856841694,0.025195340436146,0.0246309618069614,0.0160280466078201,0.0112534485381327,0.0104352572091091,0.0148501195213805,0.0112349581152657,0.0147197096727949,0.0228673777111724,0.0166883980654256,0.0138676968045582,0.00813510096559318,0.00941174668989292,0.0081622569130799,0.00647883339687706,0.000868309009566737,0.0016685194218131,0.00561525650700337,0.00569153263956865,0.00555273705468357,0.0509724829756356,0.0488630787800815,0.0491139478588355,0.0571448764491644,0.0600213475761481,0.0516525802036605,0.0371750016111734,0.0245240848598565,0.0176473144970205,0.0160421208585338,0.0215361621101932,0.0312769796179871,0.00306318486954372,0.00720804019025391,0.00337939048277509,0.00328860128579867,0.00208016856102921,0.00335211194003317,0.00150174070707781,0.00643611529616198,0.0020219573924765,0.00221584703141585,0.00138262570917878,0.00461161983591381,0.00505744117191936,0.00709947555790735,0.00202899926368858,0.00191654108019523,0.00111728257735107,0.00109368644172243,0.000273509906384075,0.0011320788156474,0.00191545036185437,0.00124593962061105,0.000104862874426524,0.0013373526706575,0.0177214405624239,0.0111148065493405,0.00110762393858888,0.00366851833382667,0.00487572528802322,0.00412928610615617,0.00224059621249639,0.00434131802156031,0.00324329166301488,0.00069086910549346,0.0014667246790707,0.00101885270740981,0.0541728592868742,0.0600248623428905,0.0442203216559154,0.0240829336006403,0.0269583943769569,0.0300260154333617,0.0218724399859355,0.0212024522336698,0.0226747174126152,0.0209154691772878,0.018495147620351,0.0183144595823454,0.00304735463289741,0.0275927537897552,0.0120704809401519,0.00437782774838512,0.0101661381575472,0.00659648960196675,0.00476353605931462,0.00279035384570285,0.000885916353984995,0.00452879805614703,0.000820976570500391,0.00216539002774617,0.0268988299854872,0.01647157649905,0.0307100458678393,0.0331199303424106,0.0301984823310696,0.0322606059198258,0.0378675441665842,0.0363957680517433,0.0431321733086141,0.0457380200161271,0.0380789623965709,0.036333809599565,0.0122951451071626,0.019560860465765,0.0208987564796903,0.0260463607193601,0.0305201325514572,0.0266868542211681,0.0199940395767867,0.0206616901264537,0.0155861910389851,0.0286631390119745,0.0236067027239678,0.0229996320193676,0.0130832471144998,0.00785178454075974,0.00162817078976016,0.00240146923459906,0.00269962247456327,0.00282384678465218,0.00422681435192407,0.00250724549990232,0.00188386891142987,0.00172324865971767,0.00141755994450079,0.00193155017968125,0.0045906601314175,0.00772054661362827,0.00144954641778341,0.000922002153249968,0.000901521926309051,0.00125771891489857,0.00237780945677703,0.0019717735566342,0.000732974471998613,0.000970616485801431,0.00140208882056153,0.0011726260631008,0.0174590658244115,0.0173421418779972,0.00664047291180274,0.00858547904180073,0.00751877099668532,0.00804028070352403,0.00698117149510056,0.00122485303613594,0.00781806167396425,0.0078699123666847,0.00558129676371232,0.00306755160526805
0.00337131305532441,0.00306164276091809,0.000568637181969868,0.000343673839112894,0.000627724977463348,0.00105221138804275,0.00171969732513364,0.00173968853528854,0.00102814389723061,0.000809790826071978,0.000676261750069736,0.000240397997454766,0.0561644487115091,0.0374223769697909,0.0123469330839941,0.0098767875613866,0.0129464096116409,0.0153198203504512,0.0244285341042048,0.0246894483907358,0.0206762298731656,0.0153530726694307,0.0171064531120557,0.0142237032494343,0.0375168735965212,0.0307942881267843,0.0316035286371429,0.026532206743932,0.0287413104213645,0.0226696591261606,0.0212799989537867,0.0203247348504686,0.0231899580324567,0.0209091443097851,0.0202356909798376,0.0210132229440713,0.0372153022903896,0.0653568492992724,0.0528449700924125,0.0127378647924945,0.015985214283464,0.0054420161192981,0.00536646738827118,0.00490070866228175,0.00178053158928333,0.00118576245767954,0.000561402129856266,0.000188876228318971,0.0301076791996533,0.0675097272090045,0.0538808918579276,0.0248188162236665,0.0293655050173058,0.0321973569178775,0.0231028804171419,0.013477461916635,0.0154458065887911,0.0179738861254489,0.0183877383589182,0.0191930882959508,0.0126459387365883,0.00684644755275879,0.00213320247498435,0.000518717492552933,0.00231988678591396,0.00312361295382218,0.00178592728486833,0.00468485109879852,0.00157526133397053,0.00132418622350003,0.00192491506743271,0.00278685961894763,0.00297978020537587,0.00132946069349863,0.00136306543890505,0.000669035192722794,0.00114385864711186,0.000220724668259045,0.000883858889878429,0.000229227830003062,0.00150997034487249,0.00139721771813023,0.000667325634896186,0.00129072910566013,0.0199166704432482,0.0117947919323902,0.00369666646241318,0.00423560896228159,0.00376892104697308,0.001837138609956,0.000429540931630728,0.0022967410775246,0.00478613638638664,0.0034526315441707,0.00149932155898887,0.00200562315986133,0.0720746255037597,0.0613551206220327,0.0368667859868218,0.0286443892778509,0.0378404354618234,0.0376428206740902,0.0338032150940152,0.035460733292175,0.0387317264921097,0.0351777472667249,0.0309812760027871,0.0302348311226555,0.0213935024358043,0.0276863308628888,0.0350900631239367,0.0181948305895466,0.0179383823708649,0.0050706897566715,0.00125428171069658,0.00461442651826499,0.00366746755022284,0.00123361163973311,0.00338582609034461,0.0051108996434738,0.087760869060341,0.107679588368651,0.0979759701861706,0.0682652268287225,0.0557147762793566,0.0415860260645426,0.0401846246156246,0.0364209559119379,0.033859853896101,0.0340623209110359,0.0292975482120968,0.0197052853893131,0.0283937763580283,0.0247430275156343,0.00818349076582473,0.00623679628753903,0.0247452120050907,0.0240536051334384,0.0106122715858469,0.00641066715856322,0.0257327166500648,0.0283249826527385,0.0170398071816075,0.01361021756873,0.0055559119716524,0.00202920898924219,0.000760141031645528,0.00100968974700084,0.000858911425402421,0.00190788637266104,0.0039358425912703,0.00198416415295645,0.00252438818060259,0.00174816344960474,0.00140464345110961,0.00242366200173382,0.000175628052097478,0.00174819521819276,0.00154512984726073,0.000475786196515937,0.000965775121461375,0.00191708821871167,0.00289993190023585,0.00167581559609174,0.00105714850364013,0.00125510285190769,0.00112650822569486,0.00115462313848345,0.0335135534186933,0.0234998604562938,0.00798889117683839,0.00422281674331491,0.00627270861839941,0.00561953891223285,0.0105268912023128,0.00949316650403033,0.00952917169974124,0.00661177662047423,0.0048194099416394,0.00451587535930611
7.19229843971556,3.55870254785323,1.07382908177589,0.577923920833836,0.473963115888158,0.208939959676222,0.421847081339924,0.369068276714342,0.295466551815384,0.19123096751692,0.0807235571764818,0.0227489167617011,2.66023958284446,6.15415277000828,2.07355436222404,2.61568586097591,1.94289800043912,0.813455182993213,2.21158970379429,2.009400770022,1.1014240826172,0.914022143966435,1.57476721918674,1.00771537873449,12.6067394885124,2.56421693471951,4.29206944958548,3.34060902458762,4.74675411197466,2.98300387343113,1.0507688436041,1.01114207735414,1.85080795992861,1.79767671224878,1.45202256379224,2.1856112438574,18.9104105275828,15.3059716229155,3.81049593687827,0.305013208174486,0.492879708242517,0.430464935888748,0.615938742697713,0.322883135307306,0.274160107153835,0.682195030853679,0.689800213877139,0.360772571050251,9.75859239068561,9.1303469274805,5.94761783578107,4.09663613516388,4.23874200673003,3.9971401315222,3.19869461424655,2.00050609695267,1.05313806791852,1.34917631901121,2.87842028811773,3.44349647332874,2.60500355516338,1.52650881510314,0.75952110616801,0.203722362446341,0.542678072155891,0.961570842336228,0.78588316156321,1.11292385892143,0.421730289224098,0.422079208352291,0.257615318605729,0.539104353537529,4.48616915696662,2.59933007682816,0.65041893605102,0.649325492865475,0.598130917602007,0.164775541030906,0.261688720894794,0.140590159054308,0.402716384635327,0.306101884624738,0.1244152398642,0.238181319710321,6.15325378036732,5.35477335880595,2.03986838667653,0.823892932032997,0.346861515050343,0.717408770873741,0.376414475983821,0.269632551454956,0.477239528963297,0.440978207105057,0.255689646035413,0.226622486554893,8.48718492874146,7.39778436698196,6.48478971075457,6.10031156595434,5.69332574877406,3.08206892521412,1.18957416774405,1.94990166130516,2.50152811037378,2.19955363569492,1.7805055221313,2.35168481560594,16.716141281964,11.5437492525914,4.89567623945408,1.66319940785815,1.93979408161355,1.37224636303103,0.81850538792743,0.138245072060006,0.431881649644191,0.549899538725558,0.140410363414451,0.575295841258147,3.66952663598287,9.65259999404552,2.59837692892408,2.4199600191256,2.07883632760622,3.53700921223222,4.21086315627573,2.25370796528229,1.98137228501832,2.90471900553524,2.48808840402693,2.00289333656757,7.49996722321196,4.49592235918033,2.4548460467302,1.30688732989896,3.52529116661903,4.47744762312673,1.97884520260381,1.82994379890739,1.6053045894012,3.26011550016342,2.81107350298642,1.24648690868983,3.06963286386644,0.922359407334049,0.647049459984854,0.842038085498033,0.57223335635085,0.804134423099691,1.39658777784321,0.567463282497079,0.657090322993758,0.35712495904866,0.216314451780879,0.358208737065839,7.24871934970547,3.39347532617376,0.518563115502194,0.642053278313183,0.389574160687717,0.677128221103714,0.782163957124134,0.463878458240809,0.324763832011743,0.291601643123634,0.234020464592463,0.202586961171344,4.02521945584141,5.39448814791399,1.30619668633114,0.493267041037636,0.842541026251724,0.511710330422436,0.626102009986987,0.634109625777892,0.541227043578522,0.168958405315658,0.298921162536457,0.473553425170191
11.0271902117276,5.45506752633936,1.34606052971163,0.421882891547056,0.295509100089041,0.130541777285204,0.0624394599079481,0.199551535544424,0.0665614526669308,0.13906253370813,0.155782283703485,0.139857553508323,35.7336958295126,27.5997787107546,7.64846298655109,3.8458316052014,2.90673068971459,1.18782005552604,1.93844200286391,1.15911571947876,1.09285152215357,0.960662388331278,0.681257233900604,0.90141112821597,33.531720761683,28.2510232695055,7.69245290033475,4.26255443302864,3.39803948279747,3.44082348825423,2.13020322675562,1.16835309707842,1.20347626094333,1.38974971647659,0.828650577844079,0.422431593639326,41.0952511703046,25.5232100455541,4.38826138012331,0.540738485687133,0.224461416219178,0.338286241983556,0.735806374955868,0.314256020975219,0.428806417732191,0.385333444515276,0.320550567072549,0.273438888456905,15.5826144743578,18.9784926168799,10.1512530589495,2.33344674251218,1.02578610133009,1.02671216168943,1.31889757373767,1.04635929067287,1.38365112255419,1.23326611909591,1.34836973201707,1.04062468873831,4.00093910951172,2.36983947114922,1.16597579921189,0.278169799169109,0.168441327019223,0.0994696372209045,0.195206901790884,0.167495079293969,0.0713603768308334,0.096071007523565,0.0764211044054706,0.0363747223652166,3.65546977621927,1.77031976634855,0.200199854273309,0.0998877261230509,0.23429907994248,0.016189092442812,0.122268534755953,0.0890329617063007,0.080303256459298,0.0437473191262766,0.0707343229501044,0.0176602261126186,26.755712519515,15.9218504833251,4.52123604241679,1.28065944171112,0.893266010284672,0.501401021368837,0.487716522910577,0.314662648834617,0.0860004071500239,0.291084001853872,0.206693377057443,0.0922243694898748,8.26375772434151,30.7066235553068,15.8046127576097,7.62532572182302,5.29639635900448,4.00367910340997,3.03525007144198,2.44024215711766,1.91978818032762,1.69433413638388,1.2273765457051,0.956313859649731,48.9649809611171,23.0743178399492,1.21500825536851,0.564421445877122,0.531533610047902,0.4693245737775,0.665150564677918,0.25393722159911,0.402922459541822,0.37871075264848,0.241708807990171,0.236464662260001,12.8348089512995,22.7186292827984,7.44601449112829,2.36607649196732,2.59685015713792,2.42634273837297,2.4576279404202,1.88997798089039,1.49861703551214,1.70148998839934,1.39675626462237,1.25700854493515,15.1369594035161,11.2020775823674,4.93570506331408,1.83682664475195,1.33779436649581,0.682285551108888,0.942699625198121,1.4479499949901,1.51354081539221,1.10925174052964,1.13194772393584,1.03760591570443,1.93391270842482,0.45915221094278,0.432464877992421,0.201050223350113,0.251933061339109,0.12785247583006,0.307501425290031,0.158454543193915,0.0185868133831275,0.0619181112550238,0.113461222328425,0.0358058369886446,6.27391662454416,2.54074226542868,0.47124058686063,0.251386253585515,0.0979664600745282,0.278623084881344,0.167773136910181,0.147387095904175,0.111167899392247,0.0893233208194013,0.0628219115759687,0.0831593368230037,33.1643614070504,21.0694565598408,5.23195788413682,1.06328977314071,1.70163695542712,0.16079422098846,0.774879570609423,0.561591333053498,0.220351752601569,0.498861461568979,0.189464880475001,0.121890787708143
1.60642860065996,1.94682077029578,0.440832103524897,0.136112680550914,0.115195901924643,0.0842081813060122,0.0512447922545401,0.0702863821451463,0.0318715484034776,0.0801289286225117,0.0586647777401332,0.00693430546317763,4.67669095955006,8.37959024229517,5.47747172852944,1.02540747710901,0.493961581063063,0.36110189929025,0.600961951292836,0.508988733109272,0.353495611380212,0.299011062927102,0.122313639009832,0.0702914299370247,1.6030360318886,6.48360570184118,9.27199703179676,3.45696763405446,0.559240250042207,0.528560178856532,0.39155780454604,0.429346678192446,0.102820621051206,0.18467800149573,0.248424369233123,0.186583079503761,1.29714967500505,6.80255829742917,5.16960785951472,0.286952446289165,0.871853825443305,0.44085113292183,0.306042749794297,0.131196003972433,0.127546685808104,0.150446911676051,0.105066373127436,0.156286501464638,7.96438093176768,6.05031428180497,2.97703020650843,2.15511124325475,1.79755874922199,1.46650493095806,0.610560187683749,0.327320759490184,0.929255836849549,1.13001044637211,1.00677889462992,0.728540013533482,0.1734851276808,0.38189199301356,0.315577567831934,0.352803405733864,0.01725257064662,0.063946883419676,0.122345428997922,0.0844092033934247,0.0188171474837299,0.10617392692071,0.0324968440301294,0.0711985937052819,0.845221058250082,0.630087626656913,0.329157252270408,0.0891478570991012,0.0927893058899008,0.0627957320063353,0.0214771627818181,0.0496344354037228,0.0246651034154448,0.0504933958223234,0.0378224461133269,0.0206287269101149,5.4886185015517,4.83685931488383,1.87732187334613,0.912569328241476,0.335078705029879,0.196693598601479,0.225506065613122,0.249622741095176,0.142396302322326,0.106261990194006,0.0961563092277753,0.013789673615894,0.0320785510385598,5.71381603104126,7.1202538053268,2.34675299615706,0.420321907947433,0.629778735483201,0.931239094474086,0.918829660213674,0.679111826538039,0.715634930148245,0.729006398918754,0.641313434955994,3.83001526955286,3.18792425345859,1.64715428020617,1.58124370139258,0.221239095344416,0.122725835469094,0.199595247051529,0.0576760720526985,0.0200194200965216,0.0791605702956128,0.0447007236444669,0.0622413481516347,0.296447322062682,1.53951668484184,1.56950164509682,0.958970184928593,1.06645838687074,1.143945402987,0.572216288440356,0.210390183056588,0.59828100994614,0.871816060174461,1.00289642558134,0.982105232525094,1.12538366618835,1.3554455614818,1.19301313967361,0.908150244684772,0.649531705426812,0.627471953258031,0.245745404711834,0.197454221301699,0.50339089618021,0.763010224635972,0.683187320782817,0.630561873684536,0.615433382850623,0.261561785464699,0.0589700121363506,0.155765005817935,0.0452358138835678,0.05833121811463,0.123952051996364,0.123341995358339,0.0421582954711742,0.0609428181405933,0.0671610883013612,0.0316605551233005,0.27702271279454,0.92550603750603,0.371812693851238,0.113488068010088,0.143008222854513,0.0337582836692762,0.0411034493536582,0.0154186407059579,0.0375410554966811,0.028361449282199,0.0416849564430541,0.0229683840500005,6.85792878487774,6.4347037655991,3.40081165623653,1.18617736948229,0.260671479022194,0.287052207877558,0.446187743982803,0.354917504902922,0.101166785145948,0.107641026108644,0.132045837018527,0.0050881940107949
