3,0,0,0,0,0,0,0,0,0,0,0,0,0,0,0,0,0,0,0,0,0,0,0,0,0,0,0,0,0,0,0,0,0,0,0,0,0,0,0,0,0,0,0,0,0,0,0,0,0,0,0,0,0,0,0,0,0,0,0,0,0,0,0,0,0,0,0,0,0,0,0,0,0,0,0,0,0,0,0,0,0,0,0,0,0,0,0,0,0,0,0,0,0,0,0,0,0,0,0,0,0,0,0,0,0,0,0,0,0,0,0,0,0,0,0,0,0,0,0,0,0,0,0,0,0,0,0,0,0,0,0,0,0,0,0,0,0,0,0,0,0,0,0,0,0,0,0,0,0,0,0,0,0,0,0,0,0,0,0,0,0,0,0,0,0,0,0,0,0,0,0,0,0,0,0,0,0,0,0
0.000751212287577527,0.00141196145025979,0.000382956393241427,0.00162546743291544,0.00147838955175834,0.00065185984548921,0.000311219492022151,0.000397906083061573,0.000134662941608936,0.000174452898491991,0.000156003423485197,7.58484281766878e-05,0.00449358037039956,0.0185682453134953,0.0198104139505944,0.0107789016348612,0.00894146075459784,0.00435641016561147,0.00336420949892591,0.00247956524085211,0.00171039174709601,0.00166014670773643,0.00142074410587172,0.0010664321151606,0.0191539447047425,0.0483790637855081,0.0707414244265273,0.0216382756740983,0.0274565050020474,0.0502912415937779,0.047271337417224,0.0440105263658559,0.0413456292825648,0.0389636555248514,0.0339579266700089,0.0296706886624332,0.106845710786089,0.0795500878834719,0.0249058374012716,0.00704804701589397,0.0092320510875788,0.0120640935348329,0.00586102190024115,0.00710150073405144,0.00326838174020531,0.00335279440394193,0.00144477246287945,0.00203461553759737,0.141420326780716,0.0799914350179381,0.0478224500446901,0.04122387042985,0.0284125872352467,0.0214610481247622,0.0157491003086668,0.0110153806776937,0.00165178262954041,0.00361089238198021,0.00465122785671245,0.00916436954022926,0.070474451130862,0.0503531009863248,0.0289396465850677,0.0331213419575569,0.0392867544934251,0.0214126860086286,0.00627518059845641,0.00459475502609839,0.00480237261222411,0.0123800997156746,0.0132935409777773,0.00754344410064309,0.00690126287589956,0.00336924653826819,0.00110765033402278,0.00172276953872135,0.00182550174228999,0.000447609445070922,0.000878014853985241,0.000810051381198217,0.000382169589277758,0.00042882103997219,0.000578367306334553,0.000261954849081487,0.00290347863763927,0.00189513386583404,0.000501652965118473,0.000314109604890512,0.00089789112703259,0.000258717671710798,4.17315762156622e-05,0.000365358698227379,0.000331019266919015,0.000185647368144534,0.000431026978868306,6.15999612747245e-05,0.00171748079145721,0.0251932832800132,0.0243206569841676,0.0166841585835031,0.0132994051635061,0.00692219463916193,0.00530931591132975,0.000604004289609418,0.00275743817139436,0.00453588048747574,0.00260262060107151,0.00282688218844695,0.00725910527570608,0.0498300701608059,0.0709715190135786,0.0235265440282692,0.0190134523598272,0.0376894165450143,0.0369635783285498,0.035400688378565,0.0367502719227784,0.0353729008616004,0.0311580819495787,0.0269999272777764,0.118366190362024,0.0780227198000193,0.0137317437982076,0.00324299006046388,0.00268094260209412,0.00449355061071834,0.00588063489916535,0.00196888108946884,0.00178946679332381,0.00146285838234071,0.000181936986672829,0.000201155512432717,0.151630696097136,0.0776460926307063,0.0772957384278901,0.0731661871164185,0.050266051274195,0.0296920200597895,0.019695572165092,0.0120576406234928,0.00632483289332217,0.0113587969586963,0.0145471348948694,0.0197239148364689,0.0629830229586533,0.051999575368424,0.0339635455623696,0.027311084591877,0.032679244847135,0.0265714445248991,0.00962734061569799,0.00702771848983358,0.0122016304174061,0.0109734049584116,0.00559823552475932,0.0119772900450259,0.000702506537164263,0.00156405836344293,0.000264611186004105,0.000374003068155795,0.000665493933648568,0.000333045255030212,0.000475622573137315,0.000494407814010005,0.000418944542907038,0.000342441165265413,0.000327282515187571,0.000235194695513453,0.00885900868843108,0.0048356486769286,0.00173917768698553,0.000236541919914507,0.00138174037982271,0.00100975307090415,0.000910726978481027,0.000927300665159689,0.000536359267265528,0.000651884250211534,0.000804013228537409,0.000612640765684475
0.000232773900444564,0.000507068818782622,0.000199609406568127,0.00113418867925952,0.00184850166325923,0.00119171550842119,0.000370643827313852,0.000117356298285346,2.58661483318834e-05,0.000103092663088289,0.000131991321890097,0.000143997151747143,0.00819013365008207,0.00765730107210442,0.00369327428637875,0.00163323453871978,0.00157081383571112,0.000864465367924639,0.00133078287615318,0.0024531986137396,0.00270433840463051,0.00163325355552506,0.00173678604830109,0.00128432681944517,0.0586007141891672,0.0592572618974537,0.0433563369250226,0.0330451912561994,0.0260186145762,0.0232994468293082,0.0154839082487607,0.0146423466598924,0.0151829601095087,0.010512245750334,0.00852554395893804,0.00728057097537207,0.0197798548386128,0.00410376836521217,0.0548559001518955,0.0323100780611393,0.00728697532393814,0.00721437785865998,0.00620380087937784,0.014117148407536,0.00421561679183519,0.00120834971497012,0.00193686541955136,0.00199193014255068,0.0519685716892207,0.00859430188457889,0.0518027048426152,0.0247068819642752,0.031060104262065,0.0133545243451947,0.0124614354525037,0.0127725237560556,0.014660018779361,0.0123307791882439,0.0112093461848011,0.0122411555481394,0.0256893867645383,0.0251191968091772,0.0481487960976869,0.0622808089532778,0.0466793416175905,0.0224358015745716,0.0194012316512546,0.0288141715747595,0.0291371684330598,0.0226120933375621,0.0155452322515129,0.0131991594789891,0.0030770488145723,0.000959079286698217,0.00198023289116562,0.00189198905330246,0.000618151217061902,0.000842617175090257,0.00135490469568121,0.000873538484853251,0.000646062758099079,0.00119519476248478,0.000395861327387844,0.000486124499506417,0.00174020415439806,0.000633722445770699,0.000340380451311935,0.000401707191740212,0.000760178153602874,0.00115943405106338,0.00030012222452291,0.000318517866056577,0.000180997810772575,0.000136434993146793,0.000483592083296703,0.000469536249792067,0.0112902704694094,0.00995453787713137,0.00351404447179891,0.00379445255383966,0.00585781935841601,0.00375551406099483,0.00364707496697556,0.00360864745259396,0.00284932600927054,0.00211154417669261,0.00366344688468925,0.00426968868601243,0.0568689700586897,0.0606250518373448,0.0447109869946051,0.0299617326041916,0.0261705575966118,0.0237116941895818,0.0164379800157258,0.0181493231572175,0.0188902599486294,0.0138223414098708,0.00971032329124605,0.00951212369459003,0.0365513353938522,0.0156784497455651,0.028945311361506,0.0327284532219235,0.0191558736005896,0.011436377373981,0.00764551356900749,0.00859588466646143,0.00263581964825394,0.00478211863348478,0.00159174036477086,0.00111958297776005,0.0555004335377401,0.0215710182182615,0.0452802179680036,0.0542120503153319,0.0547360386518653,0.0213860273575642,0.00839578551698571,0.0321923489563065,0.0332110812029867,0.0224501771341177,0.00988653543037215,0.025546793672578,0.0273730617416244,0.0226601186283503,0.0304033337540179,0.045510594709242,0.0476585353033712,0.0363353897594974,0.0205101847733373,0.0165299527182286,0.0253455808969778,0.0288795197283632,0.0274420615144491,0.0294375589263664,0.00213772199952123,0.00128541815133608,0.000724417137413403,0.00109167955833456,0.00137006181239776,0.00051261219358776,0.000218748283911316,0.000100869658197961,0.000378424081502911,0.000397697169611925,0.000282346323751316,0.000403908085311599,0.000526157582101832,0.0013082719135496,0.00179289609406459,0.00137226450008044,0.00135782347558607,0.000843644532564342,0.000504256663763379,0.000313529520409941,7.52310061435297e-05,0.000197780849394693,0.000631972903268645,0.000638847103800555
0.000209310741380046,0.0011082957158194,0.000189177917343604,0.000407899614992009,0.000760896758513254,0.000407590039707543,6.38897271144048e-05,0.000145988165214431,7.09576296735692e-05,0.000251349197001475,7.62950465892607e-05,7.28197540737451e-05,0.0229269601854604,0.0124218048590856,0.00323536970264089,0.00499700420678321,0.00156764968571212,0.000733892293379566,0.000849299685748527,0.00125951674722826,0.000975807144611765,0.00034860861355805,0.000781098860905756,0.000411771139766209,0.107001302331962,0.0810505030877479,0.0506142684925924,0.0346760927519044,0.0356708994316824,0.0372056023653682,0.02946782923712,0.0208888770235841,0.0138183953320587,0.00780158654809241,0.0034609284037197,0.00181081626412018,0.0490571016722733,0.0282908197249752,0.012064517266532,0.0135574206196561,0.00483585184328694,0.0110672177032193,0.00273290255857547,0.00572365980085475,0.00360853898389616,0.00106987120171088,0.000174592619829608,0.0012035388329423,0.0683002809019316,0.0894459076061801,0.0637584470697206,0.00566426255417051,0.00941060036045418,0.00522253953275965,0.00569881783062836,0.0125411087397337,0.0123363773402349,0.00986088991720977,0.0108177975248097,0.00974567120862957,0.0324098456265988,0.0378250251228121,0.030019919291979,0.0309082813578634,0.0249666609048643,0.0141830788037036,0.0050815978553477,0.00707062624245194,0.0130911818209674,0.00808492331153241,0.00466753296859996,0.00857790904857904,8.0318130173087e-05,0.00273479492256273,0.00126051185869162,0.0012968900498808,0.00124374289531209,0.000418923455549142,0.000563966600105456,0.000631895526770001,0.00047702904605966,0.000315285794572345,0.000379191301692583,0.000167373615238759,0.00112139635262876,0.00152834485053588,0.000363221989627085,0.000172477373825914,0.000235527995160374,0.000479945602806164,0.000183046697966214,0.000292220572946395,0.000171335490472331,7.33366109331669e-05,0.000138750629870244,8.70591376028143e-05,0.0314338550898193,0.0156749922601123,0.00720685086310889,0.00601407520602744,0.00349699197343091,0.00319060131636541,0.00220048168611997,0.00165999336670126,0.000974189527877131,0.00157595692917903,0.00134732304598405,0.000862654743930209,0.0959231683568613,0.0687628519806132,0.0444825919867288,0.0300454185460771,0.0305566235984443,0.0308821482678993,0.0251548079526793,0.0203801850882735,0.016937441517942,0.0130377577452026,0.00892311815572002,0.0051157462598131,0.052002514423269,0.0510232968609637,0.029113824249197,0.0103702419743554,0.00649037895047469,0.00305227107197155,0.0069475862694434,0.00587324092607335,0.000327730415215419,0.00265439003235888,0.00181234658111108,0.00119597191519312,0.074108745414059,0.100542522045007,0.0688316068284211,0.00942384925487953,0.0288571897967294,0.0166360843989546,0.0081244491840928,0.00736278970486205,0.0111546663828842,0.0118357774020256,0.0102709459496036,0.00628002683078555,0.0322851903451067,0.0330222004404714,0.0250691751749685,0.0207848440733217,0.0233611587524996,0.0221866026158541,0.0148584315960704,0.00355813597674883,0.0060366758381161,0.0118549380296447,0.0125007259546682,0.00735311187993026,0.000525382038695388,0.000993361003176981,0.000598488360341378,0.000254028952057326,0.000249125086028638,0.000138111356882505,0.000241530569480603,6.7968588025608e-05,0.000255197782495766,3.35195673069691e-05,9.08778239506675e-05,9.10459896142203e-05,0.00615438598014953,0.0037487099859249,0.000996714353571825,0.000501418625151275,0.000621310421637553,0.00022607916009096,0.000355228772711069,0.000280006310102551,0.00032040325996618,0.000479110995688736,0.000425995001995695,0.000356002514938857
0.501513108261305,0.296985585244387,0.0127088949978438,0.195659836073188,0.143760706634759,0.0851766074208846,0.00345951193518619,0.00298425563085521,0.0195161179590461,0.0226991653138374,0.00538829050256092,0.0171365984715638,2.73106523682778,2.7240240370139,2.6253803945776,1.19154318712203,0.344984361388407,0.114968976785271,0.339160238578772,0.343525623614524,0.249958423671558,0.21718629535283,0.15100494100775,0.122020687985926,5.63590979667539,5.98443521854158,1.26446300524651,2.22453827938675,0.920065095678155,1.25824944072602,0.742796081079234,0.933456482380442,1.84453740481079,1.38579269862802,0.861880279052456,0.487650045759631,18.519720093111,13.6852768564638,4.4531492706128,0.406556268374762,0.668373666756015,0.386658784681159,0.296486282884707,1.04859936861809,0.567083825172848,0.119165461562322,0.114531638865351,0.0728195770794032,0.102350186828313,10.0859588483907,4.93007289227943,3.07649425161502,1.39087152468575,1.64255471479387,1.44243747623227,1.46438243913867,0.907441894377487,0.832383332208292,0.945906454734625,1.00014841246657,5.79809166963104,2.47122758279084,2.87106114610311,4.22197401777374,2.19651648928024,0.413869197179451,0.138594128032976,0.438996736957117,0.713780789928832,0.424452636887109,0.223358600134841,0.469768406614189,0.827221962738138,0.162065226721322,0.377733483783709,0.305590189916681,0.123285874947893,0.122482967787221,0.0570372273865143,0.0639686217426286,0.0468441086806699,0.0313256286012114,0.0210956889998248,0.0152784199024499,0.237007084670312,0.284470363159637,0.116241566462681,0.084117995308841,0.0926200233751348,0.094538568929295,0.0487973637248171,0.0121254451882575,0.0219399191455387,0.0041291742028858,0.012323280799675,0.0221297262576497,3.96879927927421,4.17464101554317,3.41133324008423,1.64477352333363,0.701531060051703,0.144066902292773,0.270816707616913,0.136770814038979,0.290546643404797,0.331586200303942,0.250432862375285,0.195497048067294,1.0628476578016,5.18794120952709,1.77351372146036,0.905035499404382,0.498531747992826,0.967136604498276,0.902362818885005,1.12604868142903,1.47161200498471,1.33532266081592,0.826143286705551,0.395980967872534,18.3754539060208,12.4607533834797,4.24186165297099,1.0637129767091,0.860995533921445,0.535579668114288,0.693229099701673,0.373574280359973,0.323691653310385,0.206835209564039,0.0702395682199661,0.0612386371352798,2.93153625354888,10.2282076669085,7.22619592045132,4.38207884117827,1.31266483006467,2.29215354447785,3.23058283496087,2.59143750467513,2.0954201798308,1.46723020794547,1.37551520245139,1.62640222992364,4.54834749561713,2.22597011337763,1.16393681551496,2.67116082714176,1.98293147084216,1.19741230124644,1.01489840950819,0.43768949029159,0.484378293662128,0.449524386210418,0.346017421312826,0.728126231756375,0.234072128217178,0.322729932382583,0.174505481299353,0.12855473589087,0.153840634620953,0.0725911278938832,0.0208379287445106,0.00947900658913368,0.00464806892673549,0.0146310559333376,0.00850066992425291,0.0152867385333029,0.331412403807773,0.550925156586125,0.749744259053346,0.532812424883319,0.169973875549028,0.102995325103988,0.0637137466209432,0.0699028371553736,0.0361620207689417,0.0416872091837433,0.0719512875131324,0.0544297244055699
0.863891182302633,0.816934870023236,0.276136347185213,0.144327780196944,0.147597041889304,0.102917783383715,0.0315421957330929,0.0348573547141677,0.0398797931785032,0.0247951264377959,0.0248018679871229,0.0365550707668341,18.7866492067213,13.932929386547,5.89875077613546,2.22143953310866,1.23533358617099,0.652511557602624,0.483117944936351,0.516484699965167,0.184818276375032,0.220099950128027,0.313122627233178,0.094787260746413,12.0850249899638,31.1950723550519,16.2005188078109,7.84867786449132,5.92202630663711,4.33203291357324,4.02689525938823,2.88823040154857,2.48004874942391,1.73857417257964,1.53923315199239,1.13836546986923,46.8387797865348,24.1725686897747,0.850183549137027,1.00173552045885,0.475248811521007,0.358159852536624,0.749290336196908,0.438582656172217,0.567424406820046,0.252047021748857,0.244045114023738,0.281110520622728,4.02684303554638,23.2780920373936,8.68188936913298,1.53249051654536,1.56361095323235,0.66314693808382,0.608402474758779,1.30313970899385,1.00842827662164,0.592333442852253,0.701612053851483,0.520658121083488,17.5405959495122,14.5659494396873,6.31607321159813,1.92686499049606,1.79727225094138,1.00224652421131,0.683125787436984,0.538892993216837,0.704361532078788,0.257557286726492,0.370681885260016,0.140162032718715,1.83601625685253,1.22881544201552,0.0641140040036156,0.268440153763717,0.38955798540017,0.11280577856327,0.128324327517059,0.0754461521722828,0.0282262084103609,0.0369596231861436,0.0267107166721568,0.0260207362484445,0.6408264668565,1.19531468640535,0.230830646163903,0.163024444542052,0.0641565174213131,0.0604098828431755,0.0554614720963534,0.0516671352661918,0.060012250204442,0.0275731882078207,0.0632666248124798,0.0350631086775245,23.3085722597065,16.4593162255584,6.05745998259223,2.22141989995824,1.3975747037633,0.660857940162847,0.712723897362892,0.566303915039568,0.335266113020334,0.508152039824984,0.252053615459581,0.221118002203441,4.96807251187041,30.0110417176944,14.8554127650623,6.63444737254932,5.19378592601334,4.41203294119344,3.18936267072478,2.70307094094416,1.79338914187065,2.03065329500648,1.3269370761553,1.253471027372,48.0348056223121,24.4654382465186,0.497935623251669,0.653502191651357,0.401740553503729,0.382442635807842,0.180196563409568,0.18171183019188,0.108154905233558,0.156637279448628,0.0883819476915951,0.15727828567316,4.0191974211472,25.0244858249588,10.5065316168224,1.07419007680793,1.56013974118083,0.287479851108497,0.920249795269573,0.710509827452946,0.666029778436872,0.228309695304763,0.433144041596928,0.707374685885135,10.6591532284799,10.9154234116072,5.93584430163374,1.28758793182712,1.07527781313607,1.12935432761199,1.01734996621428,0.710940152879023,0.327566299406665,0.289308558477223,0.397616034309615,0.459921971059605,1.63920894129366,0.701577648917179,0.0804525577407478,0.0309297232624718,0.1849393655235,0.124537313938058,0.070664730322624,0.0674793819772757,0.0226834692046715,0.0296396197831576,0.0406331879548617,0.0242431933489467,4.08676630634317,3.50530400576938,1.09061643582633,0.539534797512986,0.473921355890525,0.226525834141862,0.195436647244672,0.0975944280290241,0.0946247432879734,0.0781440182228206,0.118916456152347,0.0682245691556185
0.852157235756962,0.368782213714966,0.10344660010327,0.0802781098366178,0.116692832884036,0.043904626912376,0.0109678469113586,0.0130192119195757,0.0112480820061388,0.0108076879234359,0.00516728197826749,0.00616713913154716,6.81819038070934,4.65033749703088,2.25586835924195,0.962436796979426,0.302263838742001,0.213299541552711,0.267712620102166,0.159543053859633,0.0673658688940581,0.153652065322457,0.0709447440719174,0.165643816173504,5.35894192383189,12.6749000910703,10.9636993796818,4.30913646546373,2.92055552660323,2.15986433842647,1.36318725772007,0.987683427616479,0.947379891193554,0.855265330294059,0.482437448861205,0.214140358215486,4.69677320237735,5.67750864194173,12.1097222517436,4.50590953039698,0.309337783463605,0.366974926133044,0.409706315955084,0.18647733160261,0.273661249162291,0.0789122169210314,0.104348098456686,0.0106944256840135,11.1111084275605,3.85102580409029,6.95290302179835,3.13861587826771,1.47010736824075,0.589524367363333,0.698141103899113,0.330510026347361,0.381970527123098,0.390102251702708,0.328040362755399,0.0931873260899124,0.13492740831612,3.93446423636086,3.54095987172704,1.71851446486679,1.78814198373017,1.60240611598543,1.17074538416373,0.867301362785404,0.865651722826438,0.687361287021709,0.388077631483666,0.274160369978776,0.78008042811718,0.265095872319789,0.294144455818445,0.212785988090717,0.127197469412026,0.125504291487577,0.0499735851936425,0.0311869928736283,0.030554216571678,0.0218662596254638,0.0202962272625868,0.0052224531182164,0.697410594949214,0.245868334519423,0.0151256525279628,0.0264117680386103,0.057223730883113,0.0327296329224204,0.0263753050035053,0.0236237512567188,0.0129978108076954,0.0363885755431924,0.0151240062345168,0.0191542071844657,8.71448171461835,6.2937113367188,3.07937056228303,1.19456557174209,0.479004671555706,0.22285548917895,0.213868064281965,0.110304597629716,0.271739659055797,0.245269780163045,0.0238773098155794,0.0630880106597011,2.9346523358922,13.222055794928,11.0570216559267,4.78353500860321,2.85985648041425,2.01303516939095,1.29039464951269,0.979839726013405,0.895101035613747,0.709404982409678,0.517890377429111,0.387494667443633,5.94213635874441,1.40799502094942,5.84589920950224,4.0149377643653,1.27635933459234,0.565869605906216,0.407730088166906,0.147526394363467,0.0348888215053106,0.091095060842281,0.0415082729062408,0.033959502660728,12.749944315223,8.36775433314461,4.7799892909802,3.61023452838225,4.6194479220037,1.8240654545756,0.755280234050557,0.824261272291557,0.686572929725088,0.48496792533817,0.182832912642592,0.234944239290251,0.49300579065708,3.25839213756685,3.31937265075194,2.23965336180387,1.63648582313717,1.63943314005644,1.50246169705024,0.961886076147511,0.55104485398124,0.513676887365933,0.528606901177281,0.483231287415337,0.565594647219934,0.199012136481721,0.107239455874153,0.130271321317345,0.203228932968332,0.124388061006439,0.0483537890156761,0.0377781475181304,0.0162595184631293,0.0181971369296258,0.0280120214351387,0.0251484818463796,1.49217494433515,0.460120301689975,0.511952309367431,0.320704050438616,0.219730447703744,0.103109171460993,0.0571468233281471,0.119654385412726,0.0358993209239609,0.102682345126727,0.0490485860961496,0.0823210068437094
0.135552990926449,0.0690571707235877,0.00522230928379745,0.00284471145453417,0.00433051073307712,0.00233462845361382,0.00172058552419693,0.00100419746804871,0.00127957933097801,0.000481710848025369,0.00135314528217453,0.00192714705210465,0.100609597551115,0.0422450615570268,0.0305173029750654,0.0447975872538364,0.052356512754002,0.0433701089236358,0.0327211650750673,0.029368744803773,0.0278088567864002,0.021074557486991,0.0123174503594079,0.00554417240458202,0.0364945016891455,0.0238648207446298,0.00450241311445325,0.00868356139903929,0.0154454759428115,0.014305120088755,0.00640642447538815,0.00400379787850006,0.00739426342126505,0.00728911754564637,0.00198995852008499,0.00215078026586634,0.00303550554546514,0.000818715719013209,0.00282200873684431,0.00253518735834715,0.00255398598595568,0.00186893899742581,0.0018614413449753,0.000938835803403775,0.000795499897629328,0.00118536145209758,0.000997467206366639,0.00203307463281183,0.0044501728963972,0.0036633365322803,0.0054158430380662,0.00414528530090111,0.001583117812209,0.000591859170323412,0.00130128786896158,0.000955239147969235,0.000655157835593556,0.000579589145510013,0.000888620446588294,0.00137580793107826,0.0137862467875254,0.0328934705443275,0.0458857788003032,0.0263191328926343,0.0291671705959323,0.0373531492156374,0.0342359315942883,0.0307774852700699,0.0275748292161808,0.0267397581839152,0.0273217082278059,0.024318106049632,0.00639146787373132,0.0512210007141248,0.0340613517483887,0.0203875610925264,0.0215955635228036,0.0200645251455837,0.0225755049239262,0.0216981145500679,0.0206861572740833,0.0182408611127199,0.0165990589333514,0.0146047250228629,0.158866052784568,0.0949625346123814,0.0101748392596297,0.00836292931728235,0.00555919337469497,0.00737778030007286,0.00427989742875947,0.00276468601586178,0.00309771867291045,0.00424841799858061,0.00254548549741868,0.00109737176540931,0.0858760812937009,0.0260099147517293,0.0410393281278315,0.0654933322178041,0.0687466575546009,0.0550797091790689,0.0372732289813308,0.0270111285188755,0.0255445535748733,0.0236776597619399,0.0217622400796463,0.0166450227214615,0.0275000863005437,0.0131939116423841,0.00368442679184717,0.00933730858340177,0.0109385687083137,0.00929928095972241,0.00457091965264698,0.00221756048932793,0.00310890246451518,0.00215488111941089,0.00147427939832391,0.00316924259210038,0.00299745105093054,0.00269720854542093,0.00127605608610688,0.00125342852456738,0.00049900064553804,0.000516414293620852,0.000362290789445624,0.00110174868835216,0.00094303288785527,0.000395099997682506,0.000881089691368164,0.00171660768300826,0.00562391867286346,0.00680776832364015,0.00919653310336887,0.00494931896639446,0.00204557851188124,0.00161615742269987,0.00252235977692759,0.000720296379280062,0.00231373245190694,0.0006393600089955,0.00109504008305812,0.00084040094477421,0.00718191624822494,0.0313237059015052,0.0499409388833895,0.030656391482721,0.0273675760369278,0.0443337371635362,0.0513500794679706,0.0469091119883917,0.0415868535587951,0.0419681007866041,0.0410557480278821,0.0352589258129043,0.0473243287260542,0.0614792411864637,0.0208541548197972,0.00487746486882621,0.00991977642639716,0.00916511992695756,0.0140342702798162,0.0136658009632035,0.0130862112943121,0.0115093998029877,0.0101826739978965,0.00880764906354655,0.170960567259546,0.0982835228521546,0.0239888059347563,0.0140004422269601,0.0151940224386958,0.00748731122768073,0.0128210532481918,0.0223043095611281,0.00856724416293618,0.0070254439403191,0.00546782725188684,0.0054945044104121
0.0300371304910493,0.0197864185680676,0.0217029516057564,0.0227099242763636,0.00912466996325926,0.00228819355584628,0.000487597236946503,0.00280185597720435,0.00190775132804185,0.000640070468487413,0.0018210361076284,0.00102065364205879,0.0665429023005892,0.058550693549406,0.0508085535280254,0.0331454474291721,0.0333256773009364,0.01970908858393,0.0207105365937431,0.0390955761071896,0.0420938528631489,0.0244108975942315,0.00298849107953064,0.0104059222747715,0.00571745317077337,0.00493274710144546,0.015815655772719,0.0163716860832779,0.0127132609758228,0.00601811293862771,0.00546693970370133,0.0165187918395438,0.0207074894515719,0.0177112426023159,0.0100495166523444,0.00324101543418353,0.0055380349383915,0.00296745425077609,0.00240940413736934,0.00243433014779664,0.00232154425364146,0.00202705165257362,0.000982438131720892,0.000467342860360348,0.00105778297240965,0.000907359911762465,4.51925699313726e-05,0.000752332367825567,0.00757067200529652,0.00420546053236844,0.00214102886790656,0.00189333422251657,0.000713167875189276,0.00100416729969348,0.000349272965574885,0.000517392343379439,0.000593536345258493,0.000941873237131077,0.000351537756293075,0.000566065723153315,0.0375091888191772,0.0305346386432916,0.0101462318229064,0.0120306713213099,0.0160556130724159,0.0135468375341822,0.00529253069867338,0.0103104414740335,0.0129795513152386,0.00782525801529075,0.00360514736462164,0.00455060411265975,0.0108877262076291,0.0307242981770161,0.0244064807786823,0.00435034125322106,0.00958510398667302,0.0106732171130325,0.00960049543825326,0.00880755556126764,0.00785440540206815,0.00447388423581416,0.00236498658926245,0.00233277749978458,0.0542604521523439,0.0380405936152344,0.0275000790923917,0.00530320534087769,0.01002559314515,0.00455538945148194,0.00662489182179987,0.00526104740307246,0.00307207561977839,0.00134632933937938,0.00350047035897738,0.00234999769900713,0.0492148462740411,0.0365548802087889,0.0410020232777789,0.0524354474997357,0.0403697919861521,0.0275507950473407,0.0183263110034404,0.0345278456149577,0.0535239607625153,0.0433810307357875,0.0154889588851858,0.00633611516783435,0.00359544192399775,0.00405220504443213,0.00681143815511735,0.0083775852916213,0.00133551093158621,0.00186552412289996,0.00571491005679468,0.013033196003034,0.0150664530001472,0.0142579446004899,0.0102603629943146,0.0060423805938516,0.0051034186491455,0.00123299483585047,0.00182387051960913,0.00187377221170027,0.00168973388707789,0.000445854541058544,0.000151292558828171,0.000476230304767706,0.000664267119095956,0.000779828249316722,0.000209470522586104,0.000881816231460903,0.0074516668148264,0.00927346846670734,0.00361237281144036,0.000427040798029548,0.0016199808508103,0.00239255886772072,0.00102602059859551,0.00152159351055671,0.00123523523244448,0.00127850084757899,0.000771595743506873,0.000827529634338795,0.0586084230119151,0.0553625306379116,0.029661436373321,0.00798488549221364,0.0181310048865672,0.0183675333068228,0.00734875252065619,0.00585630501390145,0.0110895121164153,0.00859817782870553,0.00390656468292987,0.00621057712427689,0.0143837240694017,0.0138172750806322,0.0292140805995924,0.000943616234050621,0.0101709265414946,0.00567724786829518,0.0100742825078712,0.00436936862788071,0.00265310127525921,0.00209095277177288,0.00226631005503824,0.00155947222439805,0.0635326500280987,0.0333143400296159,0.0526940058118281,0.0319205384323748,0.0183848447906067,0.00648393562687566,0.0164515905762778,0.0209839164100191,0.00855982605033264,0.0169948943294801,0.0133798356236332,0.0126915742522619
0.0126572547847549,0.0595027831077865,0.0292043737561441,0.0135924171947745,0.00930015069148119,0.00205268565255602,0.00152609266495268,0.00286705576023706,0.00214025518966523,0.00222331082586323,0.00102061426398867,0.00105554866275483,0.0496269180173073,0.0813527073302274,0.0710526462600474,0.0348634482241654,0.0364703185720985,0.0203957573416481,0.00964582688872729,0.0228025081109441,0.0352938226463563,0.0383127638524785,0.0329732149841578,0.0282623238655437,0.0182390140476047,0.0148859455667916,0.00209190880872751,0.00904998337874422,0.0124156942407039,0.01088296377857,0.0057539914745917,0.00316353289466665,0.00665744242528117,0.00691257221174613,0.00265012221987176,0.00213497999325421,0.00694619762928865,0.00443602056846075,0.00278087665269063,0.00181569260140709,0.00152692129424896,0.00133795370064059,0.00142273163616445,0.000866358858443599,0.00100130302688805,0.00113595850086107,0.000977200801494707,0.00136206877908323,0.00271272450546746,0.00536435057170645,0.00124040920992952,0.000291819021664165,0.00116735549666428,0.000997485519243112,0.000324345389479834,0.000341766719921352,0.000136673498739637,0.000352857551943617,0.000457938177579922,0.000410819322291044,0.0756075397458574,0.0566463785632809,0.0260050239256442,0.00709779548672375,0.0207768668669092,0.0267784135919844,0.0286497770941664,0.0252645617183092,0.0195126648627768,0.0135794821318888,0.00756005306189011,0.00788081815387898,0.0491811940813639,0.00683460048703882,0.0293295017052829,0.0263938630271418,0.0269239231749849,0.0222958088768402,0.0210185781619376,0.016955354645626,0.0129975396828649,0.0097667106896706,0.0069173943717956,0.00449193471062499,0.00321819026965718,0.083463577243795,0.0613925130579828,0.0277186759505432,0.0119168063058384,0.00549349988510535,0.00995238453555693,0.00342804917663178,0.003395370176767,0.00345096791358375,0.0027174435327392,0.0014507695497943,0.0250565085140434,0.0743071641265436,0.0704246543747544,0.0429109290351121,0.0502134973622147,0.0292991130280273,0.00223759457273967,0.0138480190844225,0.0240736938597361,0.0284050820926876,0.0241574439623666,0.0241256271060049,0.0114114553716407,0.0101449225900843,0.00353231605563366,0.00735832501590239,0.00865826318260811,0.00786022023225655,0.00461344251562384,0.00368548218052097,0.00409735317437674,0.00371169137362227,0.00235169265340693,0.00238634596755966,0.00613712688339912,0.00338322198885137,0.000212640136436387,0.000863044365556366,0.0003961709463822,0.000294681478582244,8.77057326323067e-05,0.000544047057013022,0.000416869029600924,0.000231401497785488,0.000397009595234814,0.00063140037659696,0.00838777227929945,0.00773382705247284,0.000364522016678302,0.00226193216714911,0.00230883713922918,0.00137531348078039,0.00176821649764675,0.00095620490178036,0.000841248230064231,0.00126877354438357,0.000538796233165546,0.00106269846065345,0.101967151453404,0.0806284232674819,0.0415087728375971,0.0133675118484793,0.022014082792966,0.0318134891441018,0.0391447957081242,0.038130004491228,0.0303417162420457,0.023923066487157,0.0186743165449871,0.0151470855325773,0.0465174791505193,0.0143041817265405,0.0288848691822349,0.00887927705530171,0.00807901357965445,0.00852122996900809,0.0130961363244846,0.0103959295477904,0.0109044922977328,0.00824145733292805,0.00582253569330464,0.0037878593084541,0.0538868281219129,0.102529940609141,0.0884898976227565,0.0263154332508145,0.0105414387597129,0.0129937537441841,0.0136952196669361,0.00911128794184593,0.0110132038170245,0.0197694265167728,0.015063300227834,0.0073397979269183
14.9723980194564,9.97565175328884,1.5489103126489,2.0240212596774,0.498436852366446,0.508587778575857,0.176602115379741,0.37665896888537,0.19424194008048,0.157494702627315,0.174923847467883,0.0992012518759176,5.91816727385282,7.57325754872624,7.8815453542399,5.01458713648602,2.53369909507575,2.0925428822921,1.74893439585078,1.54050978060831,1.32730262462022,0.537953568714006,0.502958232896444,0.713715256736676,1.64965939256864,1.13397882139804,1.29882575226847,1.35148756192748,0.647054221215203,0.177612145032133,0.217538945409177,0.233249478121916,0.381976429972205,0.498663970013389,0.341697462367713,0.0863843992487442,0.586259655679562,0.341483074278216,0.134766815639853,0.24839812324306,0.258271858572026,0.151903045714127,0.0887048895756135,0.0333148603238671,0.0418227415356809,0.0304359073978396,0.00228833457178822,0.0319204797370294,0.375355522302998,0.142944698010777,0.202389412214876,0.668599695185757,0.326085590691379,0.0210939901276712,0.0826844803897112,0.139643893226297,0.10896589799958,0.0460049920766843,0.0330850356183588,0.0748504815476536,4.79221423965749,5.25153228605269,4.09028579592525,1.22781976706317,0.239892677539399,0.411067248158405,0.659469549174645,1.326640218752,1.59110282706839,1.07427232400102,0.560166667556994,0.281958295752294,8.72479987982849,6.33380900751555,0.371713303644212,1.00438663184243,0.457501245431517,0.543421727908473,0.829567566032428,0.878409128380404,0.733878935802898,0.532589209418781,0.297181858480085,0.0844706790842194,10.0468619860323,6.31041265384927,1.72389234027179,1.95380929454107,0.740885391938602,0.90277991132636,0.986621858592756,0.567536229030506,0.157712145842355,0.0632433405672616,0.167860483275118,0.150804929203364,4.01191658527606,5.07048395394377,6.94704266488489,5.4760401570625,3.12528832213756,2.74674013405423,2.50053143431833,1.60261549934972,1.64813951671692,1.23749649056952,0.353064873685585,0.72545847302308,1.33273707068053,1.28066668414223,0.745559012791418,0.824293219526198,0.365868151910339,0.0911758958888541,0.168406458198182,0.311788038268723,0.374421149800974,0.312068069220102,0.280286347079702,0.167723359398211,0.77037782722422,0.844440327225908,0.734846418122223,0.364645802461384,0.19794589300075,0.0296209136767059,0.0428697616426498,0.0783484416181806,0.104264901030626,0.112457780485101,0.088343307345435,0.108405275534999,1.70861487097208,0.390569671818789,0.674155675124432,0.976576781771081,0.340703637226358,0.223271272622029,0.299200082175742,0.146300093698743,0.0884238397945581,0.133662289610165,0.0795785521286806,0.0693026648260935,8.74069685232743,9.0097527417285,4.94232146299138,0.611468832799619,0.429329224154326,0.554146605560556,1.07672690318091,1.45079856521239,1.6123651872837,1.49954041355004,1.06989051195939,0.42072409259834,16.6626261447986,11.8900896928849,0.978414592402836,0.619754277437191,0.619213250891241,0.441628355273843,0.851408506489827,0.483330640911337,0.505056218913463,0.442932765043024,0.313407494617098,0.177698764029107,8.20276156496418,12.438492690256,3.9851263086571,5.3996527674202,2.87298769866042,1.30959473817455,0.843589224416856,1.23889238980018,1.34569220347325,1.11755337056466,0.863816440206039,0.77216927259138
41.6040936262656,23.1845514383905,1.23501059419154,1.44246242157871,0.600012063273991,0.478221210100183,0.211342944460727,0.399295008258388,0.36867458350966,0.199596283595082,0.228713110664023,0.248896629637308,15.3452784781133,21.7853110982762,10.7221186787766,3.46535530547131,2.51808571660534,1.2343710059898,1.02435869932757,1.58999758171415,1.93951791986025,1.36989954554385,0.746867686677712,0.368471076421993,8.35037553987832,6.55781436383423,1.85875513375273,0.568754897220994,0.859119539134605,0.52673268284313,0.182313947750119,0.110387374947297,0.273639400546257,0.515438766388446,0.327847530982235,0.0152937486910232,1.44469535918032,0.855929166714434,0.59649859009742,0.736456804457433,0.469027053486835,0.283988305008609,0.208506719054427,0.129513435128715,0.0874750375430586,0.0470713325288053,0.0364711036679156,0.0939210868510813,3.84007665625661,3.39542114477467,1.83970809578301,0.899850365981709,0.103192494891781,0.291893949846461,0.195013071393025,0.0757808006953523,0.133372800091366,0.212925172219697,0.0846387028841308,0.0683639832867189,31.7098720951028,26.8347144599741,10.2614912942182,2.6897229940692,3.86599097216785,2.18490883793282,1.94276716054996,2.12274707906805,1.19809172498502,1.28855371110528,1.46198082651518,0.855901050471681,30.6442749692373,25.2841304625383,3.77516634920223,3.42993326093722,2.75358388913415,2.43528457631788,2.35492929749946,1.43400366196655,0.908190589565123,1.05491670151186,1.0834413002566,0.919430766247416,40.4338155388779,26.0344979385235,4.69957664893466,1.3965605825426,1.07170852487382,0.841919739468598,0.735099523623764,0.305184603519976,0.207312695466182,0.197704125350333,0.218650515385477,0.302588929647601,19.2747949838476,20.7715941035491,10.6478561327694,4.62421995060395,3.84896561880623,1.56353441003271,0.807621029902782,1.44325682167794,1.50733042745521,1.51314385446117,0.763949476384605,0.692789238036859,5.67082931169463,4.10740757753022,1.14273191119132,0.622237545434263,0.833135050492389,0.474019306816424,0.256343576987345,0.10695604450162,0.316361133903857,0.180330072879914,0.022615774994384,0.236521843491577,1.63962381304227,1.47988152312213,0.719388356223056,0.495615782153566,0.236681266572998,0.213133278658144,0.0970172108597817,0.163705176280354,0.194412855730347,0.197019059661203,0.162795232825183,0.207592654204297,8.32886695880826,6.42088161513488,3.41178863645957,1.42508411737808,0.714087710401019,0.262290522913012,0.334803358396369,0.278620671216399,0.161010672796757,0.116877464526606,0.12500347787039,0.0350929001088971,26.3144579671088,29.5027389325311,12.9647541886415,4.71384076910576,5.16183229650859,3.03822604282759,2.73424551217616,2.93964907198655,2.10683695562595,1.82784597435236,1.9189339453086,1.43384765301861,43.8828261506057,26.3240035654155,3.82347085090529,1.46294388584643,1.11795492063034,1.17933909670454,0.883339685648867,0.737601738002884,0.850072150033849,0.931481306427857,0.794745541012894,0.569289044059354,24.1662196808355,27.628385955241,9.84873545240692,2.46874139883837,0.216708694725491,1.13958824439349,1.46804017163695,1.17158040857364,0.333387571513672,1.05055580533683,0.707399334478722,0.450891680865187
8.67994444687681,2.10228882599497,2.23350128439497,3.16399509274798,0.91605918245346,0.122800395260463,0.0707894073591051,0.069423782824897,0.0906396682645884,0.0986873898211574,0.0815472356243802,0.0385676850060753,9.13852984495505,9.11542245733077,4.97442064396871,1.5055804199761,1.4920300563693,1.7618828369443,2.38073230491629,2.41536723651565,1.70885667448998,0.79772289484781,0.130068749055153,0.158246022715386,1.96121891571742,1.65328007814125,1.17761716340124,0.337887161527485,0.152315395674504,0.424566976337265,0.541291865989905,0.405484082353528,0.34295218102202,0.294735791692536,0.222904216223476,0.0916854908948895,0.722867281097502,0.464174110615932,0.104966432592513,0.065730830502188,0.0488027748732956,0.0541504050562896,0.0520448188813995,0.0259029289319996,0.0488823820898115,0.0295856525238677,0.018123600485563,0.0142541172936335,1.28228029306631,0.918165865191695,0.503278640102187,0.294871802157069,0.0441222924827698,0.0264677255786667,0.157783904762383,0.105790172873694,0.100563653219443,0.020687078263191,0.0609147712374522,0.0785098931388507,15.9640376066961,13.1668061295898,6.06837888059456,1.84721703847919,0.680603616735053,1.2183233631356,1.46731563241385,1.14747048205551,1.05509739329286,0.733428266447602,0.387926949107225,0.172956868539478,9.34285832124541,11.1537515290154,5.52641646330712,0.712885544500327,1.48916065232566,0.891064174919072,0.908382222995194,0.709852477625104,0.427174398502348,0.311839482935839,0.316849297033106,0.248744419325169,9.92587321651902,8.04600813223537,4.42011036071257,2.06341378101071,0.810785002794266,0.134104160953938,0.328965737438919,0.219938574605826,0.0199975736541481,0.114410995035667,0.0492452327900476,0.0632088914941508,1.38539924836621,0.573180583605841,2.48703653078661,1.90814270878465,1.29929318261229,1.40863313537436,1.98403901751501,2.10711443778076,1.77929991681502,1.09975785491407,0.550827364752247,0.0972651670904564,1.9261797813114,1.31545815136538,0.647720394871691,0.315561864572634,0.172649154310065,0.197041028695973,0.340696295615905,0.229276053098057,0.170060817841345,0.17271440709845,0.119953380592336,0.0455695012896528,0.811112390733602,0.505877386129583,0.311633183288528,0.169950904817201,0.159921222559366,0.0644392847695119,0.0262025121730392,0.0240517374805896,0.042625354303804,0.0309533499010425,0.0206884388084185,0.0310532171344354,2.0770168528757,1.45663481689834,0.895852562277592,0.0925523388388333,0.290482801347025,0.173145551432715,0.220587299527435,0.0867156734799781,0.140686677667165,0.15385858250367,0.0817814023196993,0.0665894049803452,11.9215811045932,14.4407132894203,11.7146305808376,6.38232026551855,3.08205248726447,2.1104772886924,2.31361029622027,2.21747762467796,1.72965247228691,1.15034031006716,0.882606933617562,0.865738567190928,9.68373612513326,3.56265992633371,5.41110243210037,1.31854907605325,2.01040684933701,0.608458482045267,0.528454449604782,0.399455171542245,0.440211409177865,0.302207072592689,0.322933349788457,0.257209506474354,8.46431047865194,3.44739457367463,6.09738083647755,4.05397478437916,1.10961225335337,1.47695724505301,0.814895344844275,0.417945674645573,0.619748222758229,0.480539459957481,0.0151993368396825,0.278217464795769
