5,0,0,0,0,0,0,0,0,0,0,0,0,0,0,0,0,0,0,0,0,0,0,0,0,0,0,0,0,0,0,0,0,0,0,0,0,0,0,0,0,0,0,0,0,0,0,0,0,0,0,0,0,0,0,0,0,0,0,0,0,0,0,0,0,0,0,0,0,0,0,0,0,0,0,0,0,0,0,0,0,0,0,0,0,0,0,0,0,0,0,0,0,0,0,0,0,0,0,0,0,0,0,0,0,0,0,0,0,0,0,0,0,0,0,0,0,0,0,0,0,0,0,0,0,0,0,0,0,0,0,0,0,0,0,0,0,0,0,0,0,0,0,0,0,0,0,0,0,0,0,0,0,0,0,0,0,0,0,0,0,0,0,0,0,0,0,0,0,0,0,0,0,0,0,0,0,0,0,0
0.0653167593108521,0.0362542802966055,0.00824561120994671,0.00676455984219608,0.00935837254139226,0.00576483581379334,0.00407400047876213,0.00226814002092721,0.00419330791919678,0.00364336828528118,0.00292247752271924,0.00309682857304634,0.232184920860469,0.153161800344302,0.0534741567671014,0.0201004211246234,0.0156221546930362,0.00737494149232193,0.0166289960239528,0.0131416063827277,0.0106003462887742,0.0083040674112421,0.0105057277070598,0.00787409672552224,0.0786872499894099,0.0407765657369806,0.0158602997288276,0.0282962480447537,0.026713102128708,0.0264889981465959,0.021989290491309,0.0158591517278947,0.0184133382059064,0.0158405473648374,0.00436255833455282,0.00559978976854565,0.00101298733219249,0.00298098847205949,0.00280103421074499,0.000220017496893245,0.000549053097416251,0.000582436438937825,0.000921835132408674,0.000348304939269473,0.000631204012868404,0.00034314680598605,0.0002822255876145,0.000418841847719369,0.000363646909729827,0.000432191483716169,0.00102843825813192,0.000179170451594255,0.000709670023642611,0.00165441117622142,0.00124726041313049,0.000996997434808016,0.000288867891753068,0.000173763726807639,0.00082830066499869,0.000252414860784885,0.0149840346421375,0.0236080109934619,0.0213002858792332,0.00956045095711373,0.0108141826012425,0.0035929547717106,0.00299121958867662,0.00160438476674475,0.00149192092411212,0.00106281408132858,0.00180663407274846,0.00025375600922147,0.0747414283763727,0.0659071944615544,0.0304461895035432,0.0343795678069553,0.0625520030859842,0.0574688069467854,0.0395486273663586,0.0284315121869687,0.0247078105533356,0.0248336225338677,0.0243186699947246,0.0245787621000581,0.0911415988197994,0.0637424879271063,0.00431826963204319,0.0125626274729849,0.00439050777070611,0.00383817825626579,0.00365558993773333,0.000260654362178972,0.000194479668376319,0.000230717781409342,0.00185511772036937,0.00049464335069832,0.224985604632429,0.139397724069268,0.0340949191718832,0.0104593328082354,0.0154234811679188,0.0146447346628842,0.0122188767371811,0.0118832622584335,0.00950435195376733,0.0113753863431756,0.0127060998317041,0.0130945005488804,0.0647907990193119,0.0347607587798733,0.0191649100033453,0.0229486570838257,0.0117161694921708,0.00780491983735136,0.0114277302317431,0.015478812029451,0.0131918065519117,0.00574302501184574,0.00797714237440995,0.0177282556555914,0.00347144834006634,0.000805362798707616,0.00133073339558195,0.000654107833126273,0.00117601478262272,0.0002742168375077,0.00035392715220732,0.00103685748332319,0.000838291517200226,0.000963340868870187,0.000801864194047742,0.00100180599029852,0.00145054878008707,0.00293286487232742,0.00151181951461807,0.00113375583465326,0.000506057733768798,0.000626166090087815,0.000250181124897992,0.000791617252263072,0.000133523403031553,0.000343993662943089,0.000466123008888689,0.000242586180435379,0.0286336743696286,0.0318671474483887,0.0198467852679837,0.0110599366150769,0.0101938996396435,0.00878175340738666,0.00541664953741845,0.00471793427448286,0.00533108940885843,0.00145745109256031,0.00204543840620486,0.00460263113183094,0.0614061353697147,0.0589722833600733,0.0455893161417257,0.0366066792491158,0.0555239264420257,0.0565344422708731,0.0500899432161205,0.0414363255315392,0.0326206773884503,0.0261087521745063,0.0255811380477797,0.0274645965496899,0.110009678268896,0.0752896927090043,0.00621462408797208,0.00767089255727642,0.00613268447127741,0.00144596547596176,0.00241001052690811,0.0014329021064322,0.00239334495724999,0.00205045229247513,0.000917912138249283,0.000727441529983648
0.108243559017257,0.0527655811846768,0.00485396475005777,0.0184324396051222,0.014811307596617,0.00903969769239135,0.00437517506978716,0.00364315356426,0.00297827806275401,0.00167002732111038,0.00106340099064299,0.00159337248918365,0.0362467095371029,0.0336930175459936,0.0541045534704545,0.0350239708766974,0.0289767368869333,0.0140575793158973,0.00915731154774849,0.0149658966250577,0.0219711715198509,0.0175464893034354,0.0137408913018231,0.0127553291693973,0.0273652176450515,0.0198696369072593,0.00383482053562637,0.034441571372117,0.0529899356092162,0.0454420324633244,0.0421846881044295,0.0386184336176449,0.0202302604728762,0.0155664079827082,0.0302613472478433,0.0272214389113103,0.0152573737824416,0.00907101408025844,0.00144601121072301,0.00359424821929009,0.00179647745255202,0.000962454628871822,0.000611456165560167,0.00115609465287303,0.000516749036954059,0.00137314696087711,0.00120836921734743,0.00103269546850974,0.0119790774442216,0.00568021013584552,0.000397320981881083,0.00115830583562578,0.000134613222500136,0.000736140169311426,0.00100934868542492,0.00103700807101047,0.000359375486635397,0.000479249992560838,0.000399264552857844,9.96083165018549e-05,0.0101663562117789,0.0057678884471897,0.00723879250208695,0.00100921476559157,0.00309767448126346,0.00158052089698028,0.0012179652511982,0.000456123041778634,0.000540209144464901,0.000437116872150368,0.00104683923432093,0.000160916624576229,0.056803428683468,0.0376362371355169,0.0336107614369565,0.048623976053994,0.0435159014296458,0.0305176808946209,0.0220820858197071,0.0203497030235973,0.0179904838594997,0.0157666972643133,0.0132225378697259,0.00895295914740081,0.10710448273147,0.0617094385080995,0.016327017179659,0.0205774596322352,0.0058952570207549,0.00630474165860205,0.00621046804728142,0.0040885936057175,0.00172933352797531,0.00271341697593055,0.00222527649982251,0.000513842881375871,0.0152779730776959,0.0320211826772308,0.0429271318770722,0.0269083479724924,0.0283427936834256,0.0128689647386484,0.00969469836463416,0.0134464920040979,0.0146506431211994,0.0142401902341999,0.0106654082019329,0.00653699013541467,0.00299520748895634,0.00372887282948963,0.0115693137503148,0.0351900377209213,0.0474525179504328,0.0421147312208226,0.0382814366776375,0.0252707108022087,0.00347538268425487,0.0187033213077359,0.02473185510222,0.0174185180996199,0.00557833469235532,0.00350399540241291,0.000978549870311805,0.00255587485996705,0.00171018084910011,0.00057155312386854,0.000761895798537233,0.00122215434667563,0.000890060448853437,0.00101131968977371,0.000479415863276422,0.000220620766342806,0.00708658280509494,0.00382025256866258,0.000859673880873442,0.000441715482471794,0.000746435435608414,0.000944881544651725,0.000714760668537908,0.000918473297815651,0.000632720124197447,0.000240460582625326,0.000256136683174956,0.000695805357555627,0.0140597189246347,0.00893924663671158,0.00747335059157365,0.0070135816116013,0.00549400636997685,0.00221654468179931,0.00059958045806317,0.00296189213900121,0.00162807933802914,0.000961335015627015,0.00206861547551479,0.00305450198240706,0.0618897859875102,0.0383610299803474,0.0305496427523579,0.0486175909255005,0.045432830832272,0.0309525860559557,0.0226949420988396,0.0191982659246894,0.015758695354393,0.0127074220098804,0.012365370012235,0.0115875223645815,0.105934798135466,0.0633353531710876,0.0134443188911037,0.0166372620898541,0.00090374689510231,0.00619089088127243,0.00510536412596661,0.00256127384005734,0.00119831254120811,0.00132899315902579,0.00150284930656226,0.00116223670869493
0.0121176971710633,0.0195911770261376,0.00909283823234763,0.00664807796663216,0.0108375284486062,0.00679065233800645,0.00181853815893647,0.00307839136503709,0.00203997581742284,0.000450453541235995,0.000388060301593951,0.000421013344156309,0.0602746475727867,0.0999941400363352,0.0964125473416665,0.0396933657081876,0.0219829206925468,0.0165025934826171,0.005318718184027,0.0122788570067334,0.0106526420635511,0.0115834332005975,0.00467904808781631,0.00200913700643968,0.0171381897269633,0.0606799148380843,0.0569898257635192,0.0473321803973601,0.030439856533933,0.00880618840949615,0.0166000771075492,0.0204451804324872,0.016029128526497,0.0154738216297523,0.0175556056669683,0.0176925867406653,0.000551306996433582,0.00493536526180328,0.00367144354367546,0.00168800464644852,0.00076579821420842,0.000961826249959065,0.000484001105635182,0.000874176266213811,0.000551553116036833,0.000368835111337806,0.000508662897238115,0.000606489817074223,0.00108309449859481,0.00125142433021338,0.000476999701014431,0.000602939645653044,0.000138240775309528,0.000288799454501026,0.000834894545068231,0.000534187234947399,0.000151943578683429,0.000163228644238852,0.000187350674262787,0.000341426826792286,0.0126291852022048,0.00884391260358292,0.0100099313237502,0.0057525050693942,0.00054487688693273,0.00201905497084992,0.00161786771260947,0.00217648948518709,0.0014548096876801,0.00101006287769347,0.00152151706777672,0.00151729108863838,0.0648623310089329,0.0659205495084676,0.0442355297826676,0.0368367464885158,0.0431122961097241,0.0355150457486497,0.0243092834622391,0.0187260475535262,0.013867876684667,0.00905420179556089,0.00783496091285136,0.00868484168699991,0.00649339858674882,0.0296708676062371,0.0160876593550731,0.0163222034797765,0.00582448301414156,0.00761885562664684,0.00304032923249086,0.00105095062834472,0.000444961535719255,0.000378397617448065,0.00129695972200468,0.000573939582749583,0.0736526496315147,0.0979229036635179,0.0760252223230972,0.0263892062789858,0.0114192606887142,0.0148230355779355,0.0140660191076421,0.0150175963298116,0.0135052845368442,0.00811236753045596,0.00512415771224753,0.00729248190555737,0.0291420255417524,0.0524352607555274,0.0409720121878868,0.0223569782176492,0.0182467691923646,0.00731804273068097,0.00775200907061226,0.0158357782218475,0.0139879690368548,0.0133366684534806,0.0186546248977172,0.0192465522911851,0.00135685403611914,0.00254338170763682,0.00184390349651002,0.000732356474434738,0.00130790279651062,5.22523719519414e-05,0.000903051260286854,0.000413253799002069,0.000515927650076968,0.000666330836207216,0.000783516882137096,0.000320983107401253,0.000973696394164115,0.00163746568283005,0.00124184558455329,0.000658203102549735,0.000275334331404364,0.000363780801362903,0.000336792035119669,0.000337766296073361,0.000173530156905177,9.54074436655905e-05,0.00038090875116006,0.000389343391075951,0.0227453995145123,0.0174212329719242,0.0108823132751993,0.00444418103375705,0.00263456552153845,0.00385312725805742,0.00221524887026407,0.00292127984365478,0.00379265928935127,0.00238556359128883,0.0013333744526012,0.00201174167000548,0.0725383934283324,0.0741085932879422,0.0606454672528063,0.049834247834958,0.0489004435767652,0.0397682810428847,0.0292555090202842,0.0228403575098122,0.0159540600897168,0.00960685639219616,0.00712638630504652,0.00662704442372109,0.0277414598311823,0.0377734776751546,0.0181219751208697,0.00911806591689849,0.00525760108566547,0.00559268850344677,0.0012200592737946,0.00279878028960932,0.0036746404841346,0.000746998965280654,0.00136985965293127,0.00266651622823282
18.6887836318045,14.3849794505485,4.38971073586371,1.83386685261779,1.95568245217326,1.2810879479912,0.337309715669184,0.249361874771472,0.130788006493993,0.0265395837013687,0.103336873489829,0.0595226243224579,4.39152646455229,6.57316769914025,4.41801901927906,3.05710024000928,3.30023150162849,3.15353575212459,1.78380580022058,1.78573915943918,1.45350616990627,0.865786247022152,0.610588404435275,0.440295546552115,1.05044655464431,3.31019787292025,2.94176145611228,4.44134452188464,2.20361878837811,0.806963001250029,2.29506596871181,2.57039865851417,1.68829047817043,0.704423685830011,0.605728226936405,0.709648920331182,1.57730612961885,0.638807046367693,1.14988625006425,0.219809328676659,0.341504136153409,0.0657164785402252,0.021362639660383,0.0781086816617887,0.0353401056911339,0.0460441221674831,0.0168395210209643,0.0423341830454035,0.658518943673288,0.832134126250048,0.109214081967851,0.277963413887644,0.0414143111022255,0.059585028538691,0.0725841485936037,0.0265884755675677,0.0389517843592919,0.0331309758222222,0.0348629681145619,0.0146924200652536,10.2478433397762,6.00827298644199,1.36963854315309,1.40706333059346,0.193638690938641,0.221813920067117,0.295913426053176,0.256590881067931,0.0944172226841457,0.0588554595141697,0.0579353675828417,0.173993603288528,13.9230330845551,18.3815296597581,14.2240737592166,8.90972585617989,4.50131783700109,1.99142386121752,1.0818518284583,1.00463489874394,1.28147804233062,0.965897034959904,0.615181522979241,0.142490553425054,10.136663275943,7.82271347980187,1.12352235720081,1.56241978765326,1.52575035380975,0.547865995112687,0.50851224693626,0.22751904356201,0.10503055930218,0.21984954531598,0.162305217283237,0.0287722925618094,2.17495744910921,2.46128864174723,0.836569739230606,2.16155803908831,3.33357681390797,2.64092396670151,1.00497042747095,1.43086004600006,1.07458318400388,0.832785508930281,0.572008230787139,0.384101559325604,2.79742418200548,2.88797573806849,2.10652794824294,2.56786168544774,1.36070307539959,1.05319279354626,1.88559493276014,1.59238507527348,0.568966135330419,0.456342794020948,0.686064235251057,0.515818207904731,0.734124207247297,0.661676256776077,0.246544789041303,0.0382900158898803,0.263914896141776,0.0561800752148592,0.0551354194417566,0.0709901929793711,0.0315423585674952,0.0534380081732511,0.0350839923758049,0.0315867899739037,1.24805847884558,0.465548730205431,0.350993111566545,0.242606340291415,0.101178059420465,0.123894350620264,0.0601682886595766,0.0819600825852764,0.028741638342327,0.0359973271208706,0.0296806317576394,0.0427421858079106,11.9603145160134,6.02250734423989,1.04453873848344,1.03382247587066,0.293488965616114,0.0692261934402963,0.171286880642277,0.0416003932091471,0.0862092567380751,0.234954871561182,0.29625879387764,0.171526608680286,7.14945617283052,16.6975538889853,13.3302313158252,8.31453202077002,4.52839338013019,2.19098061847236,1.07058776114357,0.838445437228746,0.786185952557113,0.88847403132362,0.716125469236637,0.650536500580753,9.62336508281139,7.19258474346815,1.19110376121234,1.59766524381323,0.724535883899104,0.639130042335426,0.396549654769688,0.148069648936879,0.0543329530404019,0.111264671530269,0.0299856312366266,0.0407488072587442
48.0195184279214,24.5524039762624,0.871917985243219,1.05045393163112,1.26506666961867,1.08974072028161,0.600074963038575,0.45490879354246,0.275339275093968,0.249736544820679,0.168038962983522,0.111598141434122,26.226909534308,23.7947342033949,7.50120367873247,3.55425741375683,1.82811463569391,2.1545776368947,0.753502163448796,0.748913837340119,0.873395988277585,0.636393858928123,0.263643122276847,0.457726325074314,16.1232363396917,14.794388135646,8.98918967898989,2.68450429426369,0.400871525813982,0.561382533912681,1.09271896416218,1.07009937804797,0.845590302909329,0.589935730926395,0.41831492818384,0.303931940709847,0.939747664959898,0.214719881344007,0.272447225591194,0.0566311839481798,0.249670411134755,0.112944897940512,0.14961525277608,0.043738797467998,0.0286640935458858,0.0513100662906815,0.0329340800018805,0.0578604582551322,2.23115421723506,1.01220104490647,0.0980755829062308,0.18438163092545,0.0695594253761431,0.201048961796884,0.0136502985405713,0.147472516226779,0.0579782832077122,0.0836646808056445,0.0279446676518911,0.0650405098153223,27.9825762990911,18.3041200941188,5.99590007716389,2.08438588536384,0.525875899257435,0.245080780514142,0.327363814830924,0.135018788386947,0.221938614511054,0.22264749745094,0.034701648103067,0.21676031064195,12.8718783732131,31.4024674255118,16.3541113005613,9.13974597982302,6.11524335998112,4.23531117749033,2.97805078519219,1.76114052473633,1.61857885467813,0.754570964684926,0.864225082501369,0.301763644613676,49.1834452941121,23.7144670245805,0.529790410949985,0.589773779147674,0.906503147481274,0.928644239927213,0.581851080702739,0.410057756291596,0.403769736462455,0.244485308822037,0.179031843436541,0.237321999481754,20.7937597533788,24.7326781506342,7.78649512380031,2.71980995281819,1.71619231398922,0.24962804619188,0.337257754271423,0.617066906707406,0.413662627784919,0.167391494427827,0.657082832937342,0.427562453459388,16.5449786247261,13.9339959333897,7.182941420711,0.959641618561259,1.03793345830926,0.308080510488682,0.093896401651546,0.193496000599915,0.301585198950049,0.14892427814291,0.496852923250355,0.683220376102971,0.800767088448144,0.0189249799000263,0.163084649697928,0.156127848413525,0.208038151335611,0.114500072422973,0.0787796792415431,0.07076336728675,0.0591378835687842,0.0675662148170129,0.0611554589688081,0.0544873888526472,2.72497064550429,1.19169770235958,0.561624035646961,0.362104507940691,0.107277436813977,0.164388130470179,0.102916268292967,0.128412614796858,0.100817773307089,0.087941261006656,0.0764286884871111,0.0883030660636921,32.5275331560352,20.9513639350685,5.61754986723414,1.908671369902,0.631161935497516,0.492395682126729,0.401767422106572,0.162074128120281,0.314160497222866,0.0329980562625244,0.184986269955725,0.135375963287032,1.28617661520736,30.7462134828458,16.416826644307,9.35160959836339,6.32324971261261,4.89213010500862,2.7341090709622,2.40608803369727,1.41797491029034,1.19526607156324,0.729559046773244,0.727888242989338,49.9884496938093,23.200097021595,0.10501396386916,0.587328910984425,0.525960412048189,0.206253880504503,0.201275808746153,0.0632192508639921,0.118300406783752,0.137287063346547,0.0771450774847374,0.0427712749214358
4.65822107210919,11.5136197125914,1.75277548178616,1.16902375399823,0.414881436849129,0.127611713220661,0.119691539846734,0.018086082447751,0.0858993095174748,0.104275240658698,0.025497590965846,0.0843128518721435,6.67112989462385,16.8568177457426,14.0149872331293,5.38397594997952,2.30722850623189,1.41598309050093,0.629092674076,0.646720411722081,0.520880412322449,0.301091975511394,0.220501137799949,0.232774382087251,5.34417658381439,1.6616389280003,4.09520154864095,4.47108500695622,2.75961129574417,2.38021380062249,1.82484978297129,1.16584212673752,0.709107916371273,0.51316179894888,0.28119223207155,0.172471219813613,1.09979157932328,0.198471116836852,0.442134552361845,0.165119966035055,0.13563594032071,0.0344240686543182,0.0259944101438725,0.00869969885630141,0.019426419899237,0.00621897610298532,0.000246761149191754,0.0105669123164216,1.06811394915733,0.483753759401775,0.122070063326413,0.0878793557696882,0.0230833330537398,0.0611576788083898,0.047490608413202,0.0309193697918139,0.00910919535537026,0.00743988175342256,0.00411422295712832,0.00982661083955406,1.35165190595142,0.691996252132871,0.52601224467996,0.379674675854335,0.201612230822506,0.24189019137826,0.205361903221533,0.0942754303081774,0.0877153195320237,0.0225163987523657,0.04835139135859,0.0363740757361316,11.328386472332,8.95069802596132,4.69626832014079,2.09153886298875,1.86234105868621,1.59516582588761,1.05184666774082,0.496764971662943,0.229468029763611,0.151223740478749,0.187223818566648,0.167064905202884,6.27333234540144,12.8770989364756,2.79961967965816,1.18437337466961,0.415050765587839,0.389693188172497,0.222727758146019,0.0827789681841569,0.041606528945367,0.0167591647368234,0.0612237674715184,0.0967592331730736,11.0540395927304,11.8760969463324,10.2168448266283,3.51622415122773,1.29572826721886,1.02031181839462,0.371251767193523,0.105967335208578,0.346541236214289,0.177786032737245,0.0512926173694763,0.148249739589031,2.41809230368785,1.94671653209747,3.07367786422959,2.51476238708897,1.23739925600375,1.13722056957522,0.90189525110823,0.565554975752839,0.203937718024814,0.0375115743707537,0.0457179684001771,0.16067155940955,0.746927321310844,0.167631072821691,0.139273177615339,0.0893304034715739,0.113360211404891,0.0116943719488256,0.0323574483658412,0.0437964520642004,0.0117665985887672,0.030258134680324,0.0331779201582634,0.0189638329045388,0.499167189037343,0.139830612880898,0.0414383649799055,0.0106538050572639,0.0263574495204429,0.0135327074062182,0.0216724469573671,0.0197443584648734,0.0139721288092685,0.00871587048041354,0.0129244896785115,0.00985444347730299,2.04927152998045,0.70926503851489,0.427469932253848,0.0861992857572168,0.455899132975793,0.561199844313647,0.31028789833503,0.0103090359374708,0.0625317671527476,0.0550340835942604,0.0534384929328643,0.0365064284311881,13.0378822792956,10.1136011191646,4.47771496091511,1.37323147563112,1.56092646264099,1.66904554510201,0.957284908338161,0.572686573665344,0.309294904170579,0.242272300082235,0.19967701088691,0.127735201820766,11.9543171111349,13.5313423194627,2.58768336096981,0.913926186718425,0.529067346783775,0.267974836227723,0.125122269175366,0.105532670700647,0.0976080307160922,0.0470703379866342,0.0421436970380313,0.101155210382564
0.00515907423557009,0.00160964687672907,0.000799406103167919,0.000818560382812166,0.000434930159973853,0.000250031750182356,0.00027986563672127,0.000525707593159028,0.000256007866595226,0.000199300856293561,7.29274903173315e-05,0.000108815986327074,0.00484183877226567,0.00192528112578572,0.00431643433283068,0.001770017571203,0.00194167224792793,0.000303509424826171,0.00132092592093446,0.000591353430595669,0.00117376921300136,0.000284009059399063,0.000797349321128279,0.000214312586046128,0.0847545022179959,0.0751521379393372,0.0470997338254055,0.0217688940642703,0.0233157726776624,0.024612937491658,0.023747769313424,0.0270933771543444,0.0245332784148719,0.0167705901736973,0.0111308740223051,0.0127076529377856,0.0407828190383348,0.0200810987034995,0.026436731972503,0.0232887513037678,0.0243293898550642,0.023692436264405,0.0191901594882465,0.019196158728501,0.0177897385761593,0.0151335348227189,0.0129051700223296,0.0115704546465948,0.176274068093564,0.0949537060296986,0.00700755745130016,0.0101983466509173,0.00626280510760341,0.0071040595881879,0.00419344344950183,0.00521510390587044,0.00289809385420714,0.00106278054633239,0.00131382168146191,0.00217758772292226,0.150054329521853,0.0651398570241327,0.0329336088496986,0.028587988386727,0.0121567595722975,0.00508177278010822,0.0211578992034357,0.0426702076215614,0.0330892272761627,0.00792588307205472,0.0152969283753549,0.0188355183524322,0.0293285642586511,0.0224212761937051,0.0152037645465619,0.0113456491994809,0.00834861579242931,0.00822017452393191,0.010649312193182,0.0126489569005414,0.0143598411824314,0.0137674608810322,0.0126665638624053,0.0129339099899709,0.00426095581938099,0.00138889449118943,0.00100728617897885,0.000763097609494783,0.000252780977491454,0.000293936714602633,0.000212323782480393,0.000443420985030274,0.00045310365251292,0.000255402969976613,0.000353936507539372,0.000568100931186363,0.0101895822022702,0.00108467030304175,0.00307982303612196,0.00243437129809708,0.000738255206537636,0.00106317844376239,0.00119024815210494,0.00153018807320624,0.000602785792764378,0.000326963312866212,0.000907313585587759,0.000242583342680892,0.0953218795323622,0.0780878074261999,0.0445833134901394,0.0256199543792477,0.0306533665154374,0.030855726251241,0.028870357072253,0.0274814277416528,0.0226777294903691,0.0192007585349451,0.0177841386671476,0.0197942709350687,0.0568396870947474,0.0118077331928272,0.0241186630729315,0.0264348615924144,0.0252438437578395,0.022114816434504,0.0198502210300633,0.0199591946156925,0.0211317200549346,0.0158336804384967,0.0142753343789795,0.0123143967351131,0.205703029051449,0.123861303019028,0.0232682910039693,0.0106496254423711,0.00782777905528079,0.00476067944577348,0.00724329093321646,0.00515077576737466,0.00311548089697859,0.00210467579921058,0.0019159401561424,0.00264238599843103,0.131903340778832,0.0512950434780558,0.048215916211204,0.0409591642784468,0.0148594318140475,0.00461412545074683,0.041674814705926,0.0581316715036044,0.0423694718403314,0.00933014113438689,0.0134159024625282,0.0199393086807113,0.0215129674761214,0.0166620191009339,0.0125636543432123,0.0100949365003027,0.0107485059006274,0.0103814523491742,0.0119672374076359,0.0136979329173008,0.0126116848774924,0.0124380036828524,0.0102140697652979,0.012367161624524,0.00759521347031812,0.00449337997439478,0.000772474703611296,0.00224837826041815,0.00327333286722331,0.0015067571498925,0.00145376777763678,0.000898830613787103,0.000976148045872094,0.00194945560752914,0.00200909968411652,0.000952073746125538
0.0103454006324121,0.0048505312791627,0.000628130060257713,0.000487806585197748,0.000205454126135206,0.000603841073298655,0.000333068163454689,0.000835481339367222,0.000603479051296407,0.000645263851384669,0.000348602657180861,0.000205440878679372,0.00796836627391886,0.00231314050943724,0.00110426108508281,0.00164483348633397,0.00258528101737494,0.00152695785539287,0.000596182166631859,0.000675127095134077,0.00061975197518545,0.000505901985418688,0.000716077115530993,0.000623917221737287,0.0286456810495135,0.0141543466220889,0.00635046473921959,0.0143494011585266,0.0179808391962504,0.0112479771194411,0.00709543445979392,0.00577993634385921,0.00635288566975452,0.00335630235464059,0.00359866559268253,0.0036310613888161,0.0743540567408862,0.0345727440231635,0.00612855396293466,0.0214738613698182,0.0233857558584823,0.010796867056219,0.00903278530079405,0.00900146559088179,0.00767710697615256,0.00521600421009021,0.0041446828300667,0.00338286517240548,0.0617723490993696,0.0509431473247825,0.0208428986823519,0.00731036730046353,0.00576190782550071,0.00614844307313572,0.00717854456925696,0.00251219872661572,0.00112387943269278,0.0039639618759005,0.00317742198168897,0.00153388572526837,0.000707333608475868,0.0109258741136739,0.0136088149479661,0.0392237959047266,0.0429322320232129,0.0355328491584214,0.0198901120060641,0.0249665187396576,0.0231061421253234,0.0211959267802184,0.0208199740599461,0.0180531953689228,0.00873162718581439,0.00200575929406991,0.00729843199489026,0.011085573025837,0.0119858913458739,0.0123381515777411,0.0122927635836088,0.00883725246892457,0.00345703401193413,0.00191561122507388,0.00377350208763935,0.00443640829337362,0.0120777908801913,0.00656343559701812,0.00106409385932557,0.00102204098060774,0.000427801176292299,0.000658921820524095,0.000354295911504916,0.000124445692609848,0.000253642322365013,0.000312115792345874,0.000268942374481639,0.000354865949275436,0.00884751789139853,0.00284337746173427,0.000106240407906259,0.00112497878918578,0.0015881395849552,0.00163876559403565,0.00132979388744506,0.00113964510849978,0.00117340080466606,0.000801878770900103,0.00014275037424724,0.000687644576354057,0.026496260990679,0.0143919776533177,0.0132742616724316,0.0205582545461222,0.0245663890014232,0.0190332395447037,0.0109428561841265,0.00719797407200322,0.00588210975261987,0.0049095975048848,0.00237047150657914,0.000996339380713678,0.101192283654491,0.0535173660519112,0.0294832623531615,0.0430090714169517,0.0295294391095866,0.0129774854463449,0.0108281947459615,0.0120849361684348,0.00809397774622394,0.00371857239540548,0.00238173421709185,0.00137688865232154,0.0683050404245232,0.0684740637367628,0.0491327501397373,0.0226901598102423,0.00718720729494897,0.00886199186868908,0.00821051176592913,0.00779337537002933,0.00268174637628179,0.00207354576868746,0.00374361265407805,0.0010821895308308,0.00142071335480192,0.00926426442498133,0.0262939916068393,0.0581032213237187,0.0561252875622963,0.0421359002288309,0.0327129670511876,0.0365210342898092,0.021778055225878,0.0176198051244493,0.0190458073783134,0.0108886091605357,0.0111547027921774,0.00480799463428686,0.00566797283126962,0.00968428273397054,0.0116893082555852,0.0100801740467839,0.0102930306784714,0.00854682337838572,0.00440795581097204,0.00315031886625036,0.00430098919243007,0.00378172902901434,0.0193937992483832,0.00990626791610853,0.000802117684341192,0.000637335386222792,0.00222953809780944,0.00152340474699329,0.000535946478633594,0.00123477082229212,0.000741806245921024,0.000588303997141855,0.000836705498772626,0.00156220314711214
0.00296558235793426,0.0013042780496077,0.000253039495616283,0.000291857802186556,0.000431067352816587,0.000360523926006694,0.000234998769438267,0.000319093277699204,0.000553882086243992,0.000414286036726107,0.000243532692055224,0.000172149188846965,0.00208513094335898,0.000165986953885532,0.00246039219666512,0.00227174781877102,0.000571482327020912,0.000406177956836987,0.000286289104400963,0.000501842310684146,0.000404311552997411,0.000582120079636981,0.000509041815638613,0.000318861272082366,0.0544183234812563,0.0498937038039686,0.0276814024301416,0.00372882202939808,0.0101358015366343,0.0054745315669206,0.00904568242220959,0.0122210985689565,0.0086728319155864,0.00420145603347886,0.00188340739552145,0.00353599200794628,0.0147858672112764,0.0348053141591582,0.0263272975481986,0.0193512340155309,0.020232382741991,0.0177469695209326,0.0103930850073394,0.00823707022292631,0.00505941732402854,0.00281110294523643,0.00157920610838384,0.00112427565061586,0.0164759106147172,0.0561459365327731,0.0315853491034175,0.00741338796584986,0.0081333385126052,0.0043982014161327,0.00284222051989966,0.000252473763013601,0.00219502352292699,0.00197713041467149,0.000519465731287979,0.000746804112243612,0.0703014327857303,0.111887482439318,0.102356449349992,0.0561532739519599,0.0358133573433032,0.0314339538959808,0.0239581337888069,0.0140853538512805,0.01747498523368,0.0230563028439141,0.0197885729569794,0.0130853036332702,0.0188028777499976,0.0169728413411288,0.00783464506663734,0.000996543583275369,0.000168328508913027,0.00165673894555095,0.00236140588340943,0.00402198844424321,0.00486153162330549,0.00655738864413736,0.00753201495921849,0.00767572297390759,0.00389732049084341,0.00204777291902475,0.000699229047427447,0.000167640316443383,0.000250261484704517,0.000205279010418124,0.00034441937034964,0.000207713390770079,0.00024157787960451,0.000157650515001703,0.000180146938258125,0.000187340018660835,0.00512586445268837,0.00268525630177788,0.00169886181229645,0.00128009330170163,0.000719478806836004,0.000799488760494054,0.000475559362002777,0.000501747348888343,0.000489092572962411,0.000771305730903256,8.11134350236081e-05,0.000104284438844567,0.0539152749289421,0.0506971189175264,0.0263277905906671,0.00433596495337703,0.0104887043079649,0.00774828511500661,0.0116155569742573,0.0111931778584825,0.00772064178613123,0.00364892577613325,0.00534709438765337,0.00936663408829378,0.0171293917060401,0.0341327581459518,0.0249973594050686,0.0250346461419749,0.0183227680311068,0.0139991157788336,0.00949774451609748,0.0058805275031593,0.00578084508188737,0.0041240480481438,0.00390344390508013,0.00397139248042703,0.0384015421303497,0.0678806317258936,0.0616268851223196,0.00743776425509831,0.0128030410792594,0.00433802097996207,0.00477303863667758,0.00437940305225181,0.00438451859151667,0.00384466193331875,0.0027173948436686,0.00156462085731194,0.0442162775042897,0.0999620728005091,0.0852929226020979,0.0426391241253874,0.0299614262798259,0.0163581061125819,0.00909650130689575,0.0317270726803212,0.0448128928317666,0.0352595782060735,0.0155838749623481,0.0198793234408037,0.0123488399393018,0.0149715583437158,0.00754918935655009,0.00395088428072986,0.00261324444024455,0.00405226504218752,0.00449521474084083,0.00638135219157536,0.00679641191457201,0.00617472431028936,0.00568367171335471,0.00660626187918851,0.00753761545230042,0.00366040918070194,0.00152910724322539,0.000645741679396308,0.00122514096385288,0.000727710525989887,0.000449987274349456,0.000551943182295207,0.000385840228780836,0.00065023142599078,0.000639276701034503,0.000398644995185339
0.205044139720924,0.0629565253199356,0.252300193336705,0.21732267204108,0.0317192051424769,0.0664348166676463,0.039765767728424,0.0515464540215323,0.0325271982060208,0.014422009357414,0.0242840156728406,0.029395734047868,3.09008866141175,2.01998813485094,0.835529579883246,0.368247537406458,0.302714318325006,0.0441882844612972,0.0754094524455536,0.0428097351965843,0.11376084479124,0.0802754188262826,0.0749783905573704,0.0840308635514147,18.1450078732891,12.582336554706,5.1696008069349,2.76492972540585,1.04743500974364,1.13518578270861,0.610409340287032,0.450105204861273,0.672122504236015,0.602459562676572,0.845223316241232,0.82251329698135,0.734878804607007,7.19688262132365,4.13676891420043,2.16086624587627,2.59540708865874,1.25002936689295,0.589203399056381,0.408096077502458,0.601148547015692,0.541353258901732,0.536887228563856,0.41251294732362,0.517424141336947,1.74382501492797,3.20944895016563,1.97105234979955,0.692259336140418,0.365226569818624,0.610357816090626,0.200626959019074,0.004109162291176,0.172522694244484,0.124562778103987,0.070611478187738,0.258287004546426,2.51693339271959,1.71759296631445,3.24774960350901,0.485905664759034,0.707929236375179,1.70156043500781,2.14051047718622,1.44245852587942,1.05854389587065,0.925127286796347,0.952865177324484,1.10002203030991,2.52736315086075,2.29285763495591,1.52866522535835,0.891659055675534,0.597505029499962,0.512691010989725,0.553530693229842,0.284568767738675,0.100378303091863,0.0943840938561857,0.196170057071508,1.08529929336938,0.554464522472243,0.0713147230653979,0.107661826896227,0.0521175634544521,0.0540213297188822,0.0379282318835297,0.0436318094957634,0.0292277369166858,0.00922961492955338,0.0167303275322745,0.0201565123608808,4.61244732683702,3.00081801059905,0.854244294120101,0.200304868253886,0.0463424454927928,0.360058835933231,0.20930878321103,0.1786608151533,0.16567309750179,0.0998672741164566,0.0264645947027921,0.134258964682423,25.4682085239055,18.9067840026906,8.90853360135516,3.92740398734672,1.50882015333723,1.64543336720014,0.684426373699527,0.314533227421733,0.787013220865466,0.826404860962473,0.682556345698131,0.385476954388416,4.77023607036007,10.3950757812434,3.0387040559814,5.26959933876172,3.78740878008228,1.51130276733716,0.900457701359038,0.724691411805216,0.722392093592979,0.741091696566924,0.471715398306711,0.201450310784492,2.5791843945156,5.11751845565913,4.1775155654867,4.30828149361076,1.56534963885309,0.943374605140229,0.723176199322194,0.626231096807332,0.335340828835579,0.13164123532295,0.127636210310198,0.081894924652721,0.29063479447249,2.46243175156719,2.57756063152945,3.80626515652799,0.984813011111277,1.19401803809278,2.6130551353932,2.50665694660595,1.2234828991707,0.860192970340783,0.874532172241477,0.439523014744511,2.18812729628886,2.49953609802067,1.49457615194986,0.579790256289733,0.573640707847703,0.477880153159048,0.455907909696226,0.443697753809602,0.147390642588727,0.222478780386266,0.143322889009312,0.0588049593663641,0.910122544209704,0.68469575722631,0.136234588185456,0.328062034501417,0.256640025078357,0.125465085059363,0.0586292071358373,0.115523163026322,0.0559609536316268,0.061375914387986,0.0824235277629488,0.0963371849623544
0.449956914545625,0.571080582454314,0.198013240055929,0.15412268839321,0.046781124833906,0.0326246634931377,0.0148496515432062,0.0166182685450017,0.0563868299022811,0.0579692635103998,0.0487048736803393,0.0364288565439585,11.9077105857934,7.47136853426217,2.85400946052852,0.537638583428063,0.388362446880222,0.0543249129213907,0.126755939692768,0.252180854461569,0.154903645347782,0.137241176126322,0.115675845904619,0.136853179553608,36.4438183731433,28.6703733986481,7.14698500087668,4.71043723152047,2.7191674626395,1.73982245821406,1.84415364401136,1.09667359167844,1.00575549200386,0.833648580472504,0.993242610597005,1.02085745157445,36.1858255617151,28.1452488677238,7.11345620007622,3.85012700873441,3.0565854093605,3.17780496793123,2.49718564213144,1.24385254986517,0.923147528296306,1.18143033134753,1.1198543164322,0.648113029260533,42.9662215311344,24.3786541327817,2.63878010326895,0.351493654973669,0.671847124327344,0.351680613079882,0.620018215019322,0.211195478968891,0.229218863494157,0.131074755959172,0.208502953392513,0.0723941923920614,14.2242058557623,21.3403303974256,12.0488641584019,2.69316656237668,1.35604514420312,1.23038420688298,0.100607959198822,1.16101206186485,0.823707772448639,0.400704431719134,0.929580517128925,0.995580300157088,3.84085973958128,3.48859223691615,2.58576063804851,1.54527019990872,0.651128017829234,0.512464423098778,0.837916452050626,0.642785550232429,0.5187838631745,0.457746716328657,0.568837349897144,0.538331686289408,1.49639862876039,0.722464223110422,0.188384597392726,0.134577913473986,0.0331575858504253,0.0539569445160084,0.0469593284190018,0.0754707924539737,0.0978722810647642,0.0619388385906176,0.0279449724794177,0.0229407377625686,14.1646977784678,8.33935486048222,2.46010966472553,0.166221773478458,0.184192448407389,0.196127942053693,0.227356134957027,0.116177798987302,0.251403656750785,0.12734466791917,0.138404447232244,0.0542390331705515,35.0803262177477,29.0150430448763,7.69914448430938,4.53399861576552,1.96863962876707,1.7429151327743,1.82135274323372,1.60906742908434,1.4730373108242,1.21307696756671,1.27767580604175,0.928858986157566,39.5560634750654,28.7088778675383,8.00221483078101,4.77530356336388,2.92275977167411,2.62115118190236,2.14273431460186,1.35035804688388,1.09467415647183,1.23888971694358,1.06491411604587,0.615213481325785,41.5257942541337,25.3883525164107,3.78248167763933,0.107253064309015,1.27546191126659,0.689406560426781,0.224390416713429,0.0574196348754103,0.359687589534107,0.418320959560995,0.315493728925714,0.353770441424164,16.107516193382,20.3512692131689,11.1717506791697,1.06500433374122,2.59438800480694,1.8339059299744,1.19351187383428,2.98662610456393,2.24788730464323,0.759633243893687,0.601951739999671,0.284082976625452,4.06200746306177,1.65240318457049,1.67585357171369,1.33180186954802,0.859510855207757,0.38375318571309,0.687242756692898,0.817024821103943,0.613456325369877,0.651012673402703,0.200252102011458,0.364496998882425,2.62288506969031,1.00451782543825,0.161658156254371,0.332824691251479,0.20502347053559,0.204266105168024,0.129624186327507,0.17734100546352,0.0579775024195287,0.0961764810970229,0.0463575367538318,0.0371230927623711
0.909902211843071,0.479748400707941,0.121575961639491,0.0666013254333152,0.0418569513589405,0.033811002003173,0.0376007401174605,0.0330852294159303,0.0206087633532513,0.00706217983099229,0.0114444402531044,0.00685215389066381,0.637477963634715,0.0777790877524344,0.201108833741284,0.0198517990362417,0.141451830693129,0.0491527107762057,0.0418546845026509,0.0444813423187181,0.0227634449165704,0.00388477826797317,0.0181815413137464,0.0307298281155156,4.15028311012078,2.6176698498957,2.86450269388614,1.59897481257967,0.807407806431846,0.702699570311929,0.36831959827984,0.411724072057308,0.423845345686834,0.2513715789847,0.252648650075791,0.211367829517145,8.78361148990751,12.6175447224021,5.2212470579494,1.36344832082148,0.269845736994003,0.301833067533127,0.238879296452066,0.165493834288507,0.0821313529277018,0.130985235454655,0.104638146104724,0.116851258934166,22.9938431320838,16.2217413518374,3.34736647275593,1.29267216699175,0.778495387225476,0.240070054372632,0.100590722473287,0.0401763557663293,0.0472065104125989,0.075307046508399,0.0355744827381173,0.0638790009549795,2.68667254428275,4.56200662311814,3.45180735504395,4.7926160169795,3.89153060357029,2.40457597741548,1.85525673816518,1.16519006578416,1.02599766634364,0.750333440172915,0.845435513281431,0.73710748577105,1.59954055761608,1.63123658072677,1.27734702108737,0.476782148042846,0.0949439871094073,0.213914457916474,0.208956675936755,0.207962726095637,0.0801223072971483,0.0817597101550226,0.0542861909722197,0.100480293125247,0.754593822657258,0.58074650867121,0.161957716996822,0.0852678826575368,0.0520756530360479,0.0309383212006973,0.00502969957661077,0.0180598259276638,0.0262767833048824,0.00821572088301547,0.0032997498832045,0.0123003190202655,0.349924445237997,0.535479757967733,0.17409589386752,0.0984413466789899,0.0811395888667503,0.176124779303299,0.0674258567724887,0.0950180207478318,0.0599201559336377,0.0337398630440689,0.0185025378937911,0.0422665316132048,0.715275404632556,6.45662990230113,5.92438181267237,2.54631073624846,1.27658605189971,1.26649958950467,0.962024154305876,0.947445597289598,0.610923857066217,0.503049367885962,0.551628321364209,0.462366738244313,13.5106042670666,18.1961311726767,8.46497107137223,0.913098931970956,0.748360805105384,0.633415792812647,0.210866620767817,0.250895376531404,0.0431901351843399,0.151783901781777,0.188524537663114,0.200950119258542,22.6108719059132,19.7457947518123,7.22581001890081,1.19270103499584,1.51211877328559,0.480843316806265,0.20099009198729,0.382440433376269,0.308865473892262,0.194148855725095,0.0411687067047214,0.173862706373048,2.19842722047361,3.27041586702884,5.65369743291023,6.78222000819738,4.35551708463834,2.46594793123232,1.43517385183313,1.25075047745067,0.869877600953178,1.07982482809807,0.988447959759157,1.11840532939191,0.0130127575081592,1.25576490606886,0.9626123383486,0.275344120202349,0.181724216598753,0.0425777127816288,0.0743266043103426,0.107110928543168,0.097429874982434,0.104755449338447,0.10602381485803,0.0795430430079264,0.980500303039063,0.825139971471029,0.144166427720981,0.169697036828376,0.191035363643396,0.0925168163618938,0.0114312869437202,0.0446296214812745,0.00806756847600167,0.0319177059317265,0.0486236665281512,0.0358558147037205
