4,0,0,0,0,0,0,0,0,0,0,0,0,0,0,0,0,0,0,0,0,0,0,0,0,0,0,0,0,0,0,0,0,0,0,0,0,0,0,0,0,0,0,0,0,0,0,0,0,0,0,0,0,0,0,0,0,0,0,0,0,0,0,0,0,0,0,0,0,0,0,0,0,0,0,0,0,0,0,0,0,0,0,0,0,0,0,0,0,0,0,0,0,0,0,0,0,0,0,0,0,0,0,0,0,0,0,0,0,0,0,0,0,0,0,0,0,0,0,0,0,0,0,0,0,0,0,0,0,0,0,0,0,0,0,0,0,0,0,0,0,0,0,0,0,0,0,0,0,0,0,0,0,0,0,0,0,0,0,0,0,0,0,0,0,0,0,0,0,0,0,0,0,0,0,0,0,0,0,0
0.0026186292383441,0.0224272568412501,0.0117011581655326,0.00173047808471978,0.00447992146918206,0.00439322438545818,0.00204227597131676,0.00183813140673186,0.00460167362676516,0.00256655975057272,0.00182861779118028,0.00236620804415606,0.127379424910613,0.0772140975654461,0.0198494005339269,0.00301855408174704,0.00247486284654542,0.00233431297928109,0.00735941425789882,0.00718010280241011,0.00885911710500144,0.0070179688592845,0.00585298403877134,0.00223666173609925,0.0976106783769963,0.0643608309209116,0.025829047667771,0.0153384439619287,0.0207160780252715,0.0267042452669195,0.0285209344069526,0.0341439271662269,0.0359416681521088,0.0297305912316527,0.0188503260848236,0.00840262416224468,0.0165859136838994,0.00680660933417821,0.00105162490827321,0.00341483232088567,0.0025234804897922,0.00215828485710102,0.00112187378566156,0.00123009257979002,0.00104808887790768,0.000283283803734137,0.000272926408617699,0.000742526566223625,0.0163365362747798,0.00718554559947551,0.00126471018815082,0.000725105861279926,0.000711315938449479,0.000340986245646843,0.000234719053860117,0.000164791701728396,0.000231675195891002,0.000407279413829793,0.000229100448263263,0.00024055263818814,0.025000911121848,0.00616272883561641,0.00414185795768789,0.0035473648341839,0.00347137446803268,0.000922988622884574,0.000480533654953386,0.00083631648476258,0.000655731420938864,0.000792186993922198,0.000484014798043995,0.000744741639142535,0.0842935029746395,0.0729803771584938,0.037574055444418,0.00513009460760514,0.0171128715456223,0.0155006559868292,0.018959323761456,0.0269494260471297,0.0314614881081614,0.0320476595828497,0.0310564560297095,0.0282771514658178,0.000543789644586936,0.0266384081910361,0.016967772114125,0.00854811187226351,0.0114170727515349,0.00584214364877218,0.00243727097670632,0.00745603250717385,0.00608055041345661,0.00530425951282184,0.00673342838927561,0.00582140779970607,0.120758887751946,0.0658752216997062,0.00951036709414393,0.0158089355672489,0.00643444613381135,0.00396842678561373,0.00720030547624971,0.00748013867610815,0.0051676675706948,0.00393340951604357,0.00234014825179937,0.00262359816843811,0.119020125096408,0.0819964758675265,0.0448570509005821,0.0344819224578715,0.0180851493169983,0.0107406869213005,0.0169611098531977,0.0244740961356183,0.0289980906017093,0.0275112062100025,0.0206886893516751,0.0132424198984641,0.0189406658952079,0.00480029339610594,0.00311971716508581,0.00326534545522597,0.00296341597142582,0.00194771360744974,0.00107639830502605,0.000772109096339628,0.00107452220051487,0.000869835411201687,0.000964760936019701,0.00102471495930605,0.0260154052975766,0.0120373897590859,0.00033335999093731,0.00196117230369754,0.00108035777985846,0.000468607707588218,0.000298406377171934,0.000154784911621274,9.36015014583152e-05,0.000409429980267841,0.000377646860918638,8.14951741475525e-05,0.0464778956201039,0.016976788567438,0.00564117795232738,0.00622393758299804,0.00248273626217026,0.000294450993368938,0.00139694736030062,0.000722964820951384,0.000792128052193185,0.000519896540349332,0.000581408452799084,0.000581469839936657,0.089799355527687,0.077292194104702,0.0332863225940347,0.039432669677167,0.0467313494556836,0.0426770722978613,0.0424670459264257,0.042503550526438,0.0380353460452427,0.0329221508967951,0.0280129156150444,0.0242216369845353,0.0142976026209753,0.0296318460131519,0.0224696430017292,0.00916885390416983,0.0072255037778205,0.00314865978753739,0.00740403984404774,0.00556773042004191,0.00368956890113767,0.00425788996793454,0.000961352752164907,0.0034680679867306
0.130133703295362,0.0677871343936769,0.00684101626965312,0.0118431879000632,0.0156251985077508,0.012632008762578,0.0106921078487226,0.00127544538328427,0.00236722476078654,0.00165024961714797,0.00123121850612883,0.000980104206918775,0.0938830944772573,0.0501920595918114,0.0148825661801676,0.00320420225019326,0.011560793128316,0.0173989343346458,0.0196684955094557,0.0161214611971397,0.0131248881053644,0.0110481690713018,0.00143891888755771,0.0101536957645525,0.0455962662436673,0.0304704232431178,0.0206759924806658,0.021416343703902,0.0223826404597981,0.0152680283819344,0.0209075702782015,0.0252733226816492,0.0277149268495645,0.0319369130686721,0.0276037316039497,0.015171140895427,0.011190655089108,0.00247859525382516,0.00138254565262171,0.0044020237055358,0.00332947923166023,0.00145676354440549,0.00118600387501651,0.000980318794136433,0.00194565722364559,0.00107817331005429,0.000991970627841397,0.0028513816136147,0.0108471056691126,0.00492317086829036,0.000797979908803337,0.00151856501359623,0.00145948796528036,0.000922404339765041,0.000356706223652071,0.000141587040888399,0.000230493352385212,0.000183384854025974,0.000349732861803411,0.000470549360228071,0.0110429230852399,0.00244695478503952,0.00193195765391924,0.00198722891221444,0.00363105978713057,0.00102849777416364,0.00110900116084887,0.000614183297781999,0.000365969373489919,0.000864784606437744,0.000635836873007967,0.000259605617498574,0.0447996602948605,0.027259002223947,0.0213904644319298,0.0433880936967211,0.0602390498997535,0.0525586542790814,0.0421567813551409,0.0359856081659696,0.0309402455955091,0.0266919398737155,0.0184155400630278,0.010443310282837,0.137903267507896,0.0767243747355627,0.0234550146305297,0.0260843691431791,0.0291065738561593,0.022242750507451,0.0158910116175348,0.00849655379132139,0.00335506463743228,0.00381405322530333,0.00393015245691243,0.00322560319686723,0.116117281575704,0.0652690638493175,0.0245550587924516,0.0111989939585311,0.00909184501982444,0.00601651775184065,0.0111263106784314,0.00994312109845496,0.00742588413817693,0.0135938419423891,0.00837644305481303,0.00348918530365486,0.0521658086486392,0.038079235147765,0.0272520218306333,0.0250420896193098,0.0243700864669389,0.0149780224764681,0.00681964447323741,0.0209572755162528,0.0326929186467282,0.0421746008529101,0.0403917682636752,0.0283153235012612,0.0241579907947462,0.0129638968421967,0.00371588235210536,0.00456883122194166,0.00219556151674027,0.00152762276280683,0.00188689860048141,0.00115080015969872,0.00202884175392861,0.00248036934202189,0.00177217305082755,0.00197474570344729,0.0250333043938946,0.0103512072826424,0.00226985839019109,0.00261796620718959,0.00150652140392877,0.00188161058117162,0.00104074650303163,0.000431060255290931,0.000337430113100532,0.000185192901991875,0.000331611967892923,0.000140728960893754,0.0262841258608509,0.0150750259841075,0.0021561074529197,0.00288432832994093,0.00405416094618292,0.00312446987641531,0.00111646919820795,0.000445191812150235,0.000720178173522757,0.00123474449686037,0.000953840119675492,0.000798542253376812,0.071923707227788,0.0483731931745847,0.0302750943610609,0.0374227091020116,0.0456184725801792,0.0373124328381478,0.0279873528752958,0.0228727342306073,0.0163124303285622,0.00837630727112297,0.000791379245456543,0.00569859988980186,0.142807181586183,0.0578947284876124,0.013028957236439,0.0174660197638452,0.00755650076315133,0.00904823410485078,0.0108508785928476,0.00510265032757406,0.00163939493566942,0.00185230215552645,0.0013753780107085,0.00129264957794706
0.026134801742905,0.0142846684946454,0.00951776718323312,0.00439258622624347,0.00477177706834059,0.00333830772598491,0.00184006874459146,0.00119338591114904,0.00339147873748999,0.00140289123911655,0.00104042776589623,0.00128708224799538,0.0846691416979209,0.0589613140703963,0.0445519217787484,0.0155257351113909,0.0137720276653714,0.018883883767943,0.00665286480318787,0.0106243723731293,0.00454883255449122,0.00260407791953091,0.00337353740740431,0.0031875588936614,0.0445606618580465,0.0594529532494733,0.0619912309199949,0.0653559380032656,0.0679480549429329,0.0566680091887427,0.0418862938520712,0.0272438052222696,0.0102868878139681,0.00597019620237451,0.0154039075699671,0.0207378361779232,0.00053251969704257,0.00341108699889229,0.00147547306361455,0.004448373360102,0.00384724216631967,0.000684750591505845,0.000657881645334852,0.000899966923584791,0.00117669108494184,0.00117715735316888,0.000589258854377015,0.00184770076644602,0.0107018728231228,0.00529929776322975,0.000663428937362477,0.0011246616361872,0.000949912590074655,0.000319475891967689,0.000319018417681894,0.000408679828348287,0.000352581349757372,0.000325532802100229,0.000145032802230023,0.000244908029409574,0.00901369604900366,0.00806042716769762,0.00338433706206345,0.00221549337702678,0.00167044671327719,0.000797026354203638,0.000849669623407155,0.000368664905750539,0.000475296920770145,0.000877456940881309,0.000529505300312311,0.000435853751889256,0.0345625586617461,0.0311242849262204,0.0120323476384269,0.0168144745216027,0.0212105583762407,0.0240639117146387,0.0206979738364814,0.0167798640636851,0.0134598822971951,0.0111016819815798,0.0136220476143091,0.0148692118453206,0.0248432276293213,0.028882824562632,0.0178729191356304,0.00147588072463991,0.0127317265752136,0.00628511736534246,0.00329462979139462,0.0058214399095793,0.00455674738429103,0.00327417366765839,0.00316001004644755,0.00283075419909306,0.0863572598549149,0.0502292424104035,0.0344589652958177,0.0210457506926138,0.0118353223365423,0.0168965181820804,0.00899436474629481,0.0117004087936568,0.00661892690125237,0.00476377386538317,0.0058901251730856,0.00655092171561464,0.0508761420817539,0.0696098144497267,0.0656162103725399,0.064465180032805,0.0731914080066548,0.0664183115204428,0.0576170114567962,0.0497601614415517,0.0354361343620253,0.0179916467887351,0.0143817125406509,0.0248856441290292,0.00893791434177297,0.0116348888950163,0.00309979440443978,0.0053523833927355,0.00403658281486071,0.00148953006678963,0.000521767567397953,0.00153425399489562,0.00151641392035485,0.00106103438452265,0.00147546169246193,0.000393513576937253,0.0222813151506348,0.00925181384788201,0.00234179841578314,0.00157994926150402,0.00134867845069077,0.001215333541365,0.000940018415417846,0.000457221953702238,0.000406681760234082,0.000160690379307822,0.000467203622547369,0.000450800916229322,0.0248381882079918,0.0186400812652177,0.00898692843416421,0.00237507240895609,0.00121750000505275,0.00159905681083116,0.00319223840485227,0.00231255924863999,0.000482546929897279,0.000196124141946158,0.00013374112692899,0.000694363592501153,0.0168007154642252,0.0335486336262999,0.0374788021746554,0.0487340387349347,0.0507325765176665,0.0475528435404317,0.0406305042004693,0.0309264261938958,0.0260044165571327,0.0231956515327577,0.0198892279158417,0.0182074051126813,0.0482015031391852,0.0317019098526653,0.0218125265283313,0.0112985824601104,0.0106721867237671,0.00102986325308483,0.00505150764848658,0.00407381152432396,0.00302396417643226,0.00338203272053002,0.00105348497873896,0.00254390268762899
26.4111975832828,17.630127616054,2.93177428141577,0.59857129224327,1.96638710530835,1.46139571586725,1.04234055619285,0.298342169082795,0.156378008163696,0.142116028799265,0.121304443732612,0.0409689086087049,1.25475002702499,6.47966099611497,2.1685133702671,1.01600513858534,2.63585977772406,2.73828516255423,1.73097221532803,1.45074266439845,0.953425381537585,0.557423046640094,0.129785380676429,0.398698322627109,3.28649342508171,5.22788694481567,2.00928508574883,1.19123066998433,1.73168536040556,1.29180627965344,0.357204048333463,0.190168878025531,0.684607379044334,1.08094604311681,0.878552018212043,0.617342578271047,4.77573799259077,3.12891197406021,0.667940956891798,0.464017809074601,0.374391973067056,0.204836207785942,0.0118110079980123,0.102951120239479,0.033432539700718,0.0493557022593335,0.0421669248285702,0.0709283707311146,0.870534875472157,0.669585741487685,0.0782928742643847,0.143638462042812,0.0604373009627716,0.0955369866182202,0.0246015378732824,0.066122646845357,0.0570050629009025,0.0229198922490999,0.0265570254414075,0.050496012400381,11.6717186429927,6.65594771200437,0.859086819467954,0.681553949472324,0.135511819637326,0.184133880978825,0.128369971977075,0.155298474304149,0.184069094408345,0.134669584475601,0.11697184966221,0.0975261285542025,21.9681994814152,23.8830029483852,14.1880331750196,8.15385150770787,6.68894857199265,4.58947857367958,2.96484259165236,2.71563768747225,2.09079443491491,1.48470799873614,1.23550090738314,0.84241871208556,25.4234393766653,16.3922424362342,1.08816105803392,2.37477424096976,3.46710245865375,2.27657843926364,1.46979953949815,1.01532709507135,0.453159832948824,0.42339008075826,0.451735114545811,0.348675973849471,4.22431207478734,8.37606250145994,2.59717649399819,1.23159098993769,1.44009009440129,1.60202951143511,1.08702389626253,0.778294876506555,0.656181704871897,0.72584060958854,0.378696744929079,0.212880574752129,1.92351103833242,5.56821171080744,4.19558059597514,1.62957134908913,1.98182237417184,1.57771565840831,0.849734001764428,0.214515567180289,0.537790713646296,1.20151429237077,1.1166401393234,0.75152915249329,0.839960003997755,1.1955737669381,0.961699712349968,0.467190689573751,0.351183043063848,0.153789830921738,0.0777811283256926,0.105932518634504,0.11776914852458,0.0880218185967191,0.062985805180973,0.005616240041396,2.41567081706392,1.43461272376079,0.209528537385613,0.267283061693918,0.0532172498677876,0.127936991750966,0.0677925482705297,0.0360895811886227,0.0176586751526118,0.00305607202366961,0.0512877944254947,0.0251939684066849,12.8634205411042,5.68291455991406,0.899501723585121,0.305999598345912,0.41885896676197,0.337383738385866,0.266796665962423,0.181382386713579,0.120221344174981,0.055391111630117,0.0969575529583394,0.0856481207449406,15.9172621878936,22.8913855174527,15.4333399647402,9.01533545767436,6.21461416119594,3.98730929315787,3.55632852161404,3.07939542951273,2.55153512160969,1.74730204099099,1.0098770738675,0.881723710613537,29.4247639442208,17.496166311105,1.57719269733721,1.33392516447891,0.870638070671717,1.1696386849286,1.23859238396269,0.511714601585233,0.180527999997294,0.109503286232507,0.0954479813743369,0.0836447703241205
32.9261550189861,13.6186247546412,2.50254345281842,0.857153518064056,0.901449838323496,0.353389040216617,0.135830879074595,0.338373701418095,0.440349419078379,0.21428810247997,0.0891958551429145,0.0975584674157127,21.9432781575022,15.0024017233593,4.41883465307664,1.69240685530975,0.567065935139068,0.260727925920196,0.300732378923814,0.212429102135133,0.18913750666945,0.0591942282906272,0.199862963349194,0.221916947743689,11.1852045752782,11.3126786066913,7.62184412901938,4.57170226956652,3.34310496646554,1.87886125526304,0.799280061715796,0.770063362110151,0.789371143768485,0.804032354114006,0.422634442947012,0.504280482258372,3.61537675100852,1.31258404552057,0.301649204362166,0.320747493468752,0.380174009057506,0.287603071322539,0.112570227310079,0.1052771045272,0.102210568597383,0.086963579362824,0.00751161726030468,0.0755444309475852,2.59340122358886,0.644044052339185,0.450402736104244,0.202269174990543,0.148944295616615,0.140679512624503,0.0829983386395177,0.03588671725318,0.0311659688907908,0.0835034607134654,0.0491480713182095,0.0328316916656584,17.3372474671959,9.86172043809148,2.29023813984967,0.289506252069876,0.403804816132547,0.351191036731189,0.233866431840414,0.251443449132926,0.11368313680631,0.1142000249178,0.172417259613211,0.160030820392162,18.6066995328171,27.8178306406226,12.6322152875901,2.26270874433498,1.63131163434288,1.30162920983288,1.70122663711335,2.05119537239603,1.44328654130073,1.36073045640642,1.44344937048742,0.973744479824124,36.7376427707899,20.9675297053357,4.45421086532912,0.42578214170318,1.64802834966044,0.442097187317685,0.20992473049247,0.273229822280934,0.437797423472765,0.430748485941625,0.530098611886309,0.365532491736046,23.5943398479835,14.3663568235029,4.66539973270867,2.82784241341816,0.4581380830878,0.0845873067719607,0.230353495501844,0.226855002725851,0.0851126890331595,0.280957006365061,0.301806563143968,0.169570820122009,11.0459030972935,12.5344179570743,8.92099724876517,5.4448086048459,4.20969056022899,2.54577286547806,1.36342921554002,1.22035970162546,0.838446959278948,0.46692058922299,0.131681856043155,0.238855560230066,5.19563280216037,1.69455519904111,0.45304879111015,0.221865760980004,0.403954150410063,0.25089738322904,0.171774103027997,0.0638759920312999,0.0889275030815907,0.0743788839148881,0.0229386008351082,0.034137371309843,5.12025761129896,1.58210734422631,0.344731935297654,0.332003820285574,0.10047988231774,0.115079243363458,0.076907356150987,0.029332547593685,0.0373617755708621,0.0268610757182599,0.0685564134662564,0.0216244964646278,19.9061948970381,10.8422151539249,2.01025527640128,1.17416789390454,0.437879876788136,0.153052992732056,0.0637163794595742,0.115586386351331,0.0527267543716567,0.0887300847017324,0.0266074323047612,0.0165277666821006,2.60811763817045,24.7400941998206,13.8480450030354,3.86282849001405,3.93296678801363,3.14290474332973,3.15204214960136,2.49640674118292,1.99894975791707,1.5903183704896,1.30560913100395,1.1359022498557,25.7488266173715,9.62303463816026,4.82961046275911,1.98860483611993,0.801655977502783,0.261689457563674,0.713582097804858,0.560594770166843,0.304607998071921,0.210744112615577,0.0211667403294859,0.121245697420952
2.40559781617386,7.882346290736,4.13630271319596,1.93160927007933,0.466180142344761,0.0664614753475374,0.2225431263488,0.00954838665404158,0.10206038862305,0.0917784931604375,0.096119133037462,0.0656954741494867,9.32322628341001,8.25131064733245,3.12693292069417,0.52376620416226,1.05671697379463,0.744976162919773,0.582764792764625,0.313349268358571,0.267919347963089,0.0744286775816952,0.157640531363157,0.044092074930468,6.84777897948582,4.94755062802147,1.14041968823946,0.49680295207481,0.930439951029699,0.504858754684655,0.31806517782866,0.111441534579886,0.322399098207327,0.355129166138937,0.396886101854301,0.296102128232062,2.93401698774691,1.91538950322376,0.415943472249472,0.431949594602199,0.368790047011009,0.143144655989148,0.0510158865622337,0.0694247171984338,0.0690337834267709,0.00918545092048334,0.033665346977573,0.0498672036304223,0.201259311656984,0.199447329414726,0.102968978989732,0.112276689855473,0.081743935959777,0.0301579486769211,0.00514949851177307,0.0210266345487408,0.0184331898140155,0.0118038827271463,0.00236563296388948,0.0177559450910011,1.64634460133328,2.04062966205509,0.784482821585003,0.183575790212772,0.123340098333875,0.130376722022003,0.0826050143373283,0.0986665296261816,0.0234257148566409,0.0710986221820597,0.069382030442236,0.0213256496208405,1.7323018240205,9.26815205919701,6.34093210706238,2.74002820677382,2.04321241540282,1.52259256517637,0.911162990584349,0.676266502548449,0.529282120839154,0.499590406604556,0.486607790382259,0.378188915935309,0.829115037189698,13.0328873647263,5.89270686021441,1.07409279001699,0.476910231634282,0.42474921119401,0.466547532109184,0.0196242635655714,0.0686055453383798,0.135153663508066,0.0842482771748257,0.105922720603904,14.6553282750644,13.4333401210076,5.17100170693904,1.64710785134864,1.38379201656274,0.798188265681565,0.352598135895748,0.353285142653542,0.239790799112119,0.0745739433008176,0.0768687573998837,0.0698073436013322,7.72038079587967,5.88869387109729,0.827643262188168,0.857136502975937,1.09531170415927,0.91636908984259,0.377940679292558,0.483875285836531,0.272883061275892,0.271499768946837,0.304215087287373,0.194349996801397,1.56636352691754,0.475818874720757,0.785396927394993,0.434835545824926,0.413248024403608,0.242474740007544,0.0895133470244582,0.0708831100625641,0.0850527643303977,0.050813020107177,0.0417935305011484,0.0153637591675778,0.930750121953066,0.583933384016029,0.30330989752939,0.384174673217297,0.170490434953722,0.0793395120220527,0.0272833264863933,0.0236098186379483,0.0136299201429601,0.02665317533032,0.0140697673533228,0.0139580828377798,4.88039171600122,3.41442472864261,1.19201550788369,0.377704255038568,0.228003435358621,0.272811966164459,0.0673059728174996,0.0647071966986773,0.106115120477416,0.00672828484989073,0.0573795674104026,0.0799905483030538,1.29891245166399,14.634035321152,13.4278898996,5.66488758274214,2.7772614629823,2.13733076616845,1.62127187988013,1.36247228442472,1.17530719997406,1.07263915420329,0.792333879278117,0.706208486270849,8.28673951454276,14.3847432916945,7.30203833610379,3.08062335992457,0.701651876012625,0.112010897461116,0.208695130838816,0.0440915737798629,0.202744402852288,0.16186779865621,0.0337631411070077,0.161721686050756
0.00634920487259159,0.00258987618097609,0.000314366623072927,0.000290500127099296,0.00078209842427053,0.000440172142611997,0.000710640543668287,0.000429287320524659,0.000603948678645483,0.000838790080510664,0.000504970133565579,0.00105144432044381,0.0190223705279068,0.00874222604305268,0.001237926157704,0.000265994447106843,0.000830519087794421,0.000484899660469229,0.000875255206684801,0.000226061253661116,4.3361692689684e-05,0.000337087250323589,0.000554770968376721,0.000218520245244607,0.0717156778839599,0.0546575996083373,0.0320573900403828,0.0209843066220996,0.0150506763166219,0.00656911385272279,0.00549388025186193,0.011914307932422,0.0126888006658599,0.0120325218848389,0.0136267474825383,0.0113295951125119,0.00156046407197761,0.0222067087633688,0.0124211068804022,0.00417343992729025,0.00560039835263642,0.0120317554931646,0.0128690755560217,0.0134679840782354,0.0147204504345026,0.0141227377114761,0.0122756360655425,0.0122951190247426,0.0706427467176701,0.0462930525078567,0.00728485640690327,0.00501016757815505,0.00879149897322684,0.00819455436863441,0.0055196062850939,0.00415169001588045,0.0013603343232773,0.000916688206392657,0.00159853114745386,0.000961899516532098,0.112069230603711,0.0483986089456137,0.0317782761297615,0.0263366536652489,0.0132978249025675,0.0166302337901134,0.0115695314670816,0.00579126441499647,0.0104116252753167,0.0104721031569567,0.00420790910587357,0.00200885691364549,0.0393635381088995,0.0281394194756598,0.0225609676168304,0.0211449121504552,0.0131480834777758,0.0051224869655735,0.00256512465642777,0.000737294752649526,0.00535749388663286,0.00818194158911278,0.00618727195047066,0.00264766164468971,0.00616655776915453,0.00130479232267133,0.00129476952248807,0.000716784717652618,0.000410724464328882,0.000576105185723545,0.000579321079279517,0.000381953162952739,0.000357523463587859,0.000337048679692262,6.7695889739542e-05,0.0004930595138676,0.0219028435688167,0.00956091419981938,0.000164406818832624,0.00165995880723771,0.000943121854228548,0.000571018707690462,0.000795013277457079,0.000486916838732053,0.000285997240634714,0.000743035406251345,0.000377218562604561,0.000289923215469773,0.073909390243683,0.0536929937552146,0.0243837372922226,0.019881572337796,0.0211863915101902,0.0148783660255872,0.0127008413510171,0.0158437956572001,0.0183320225676577,0.0194180899642498,0.0198857041574223,0.0181655670008623,0.000212132754060372,0.0260147034529485,0.023516091225641,0.00661462538600346,0.01390563801244,0.0107166216002782,0.00931262658924795,0.0100451290301108,0.0129318676515951,0.0137169010349646,0.014545913596799,0.0135936239615862,0.0361687300140379,0.0141788674029886,0.0130956818111514,0.00171927108785562,0.00191815300416028,0.00196050103858275,0.00250561123469694,0.00355177140895947,0.00194800997027881,0.00141304697751666,0.00117107405462437,0.00125126365908059,0.138184309817355,0.0981181883484255,0.0493489888871593,0.0417910269982244,0.0333109593382348,0.0190272871316848,0.0111315785759043,0.0119338199368786,0.01050282056739,0.013481583117839,0.014611266067305,0.012440745511634,0.0367105617484332,0.0236154274092734,0.00926718557173872,0.0101087335925649,0.00954199340554503,0.00492292575012791,0.00170924093141897,0.00375738303985159,0.0052406185567006,0.00350325909669765,0.00640780132121569,0.0064165866262282,0.0126298717915775,0.00695427906447445,0.00132252872184273,0.00104199448553028,0.000791334025720375,0.000369080273713419,0.000610489378191698,0.000240642515885854,0.000143023447808659,0.000391674081411708,0.000216521362878699,0.0001972836147625
0.0126517495084411,0.00641249064374951,0.000868273318727545,0.00160077723953967,0.000577445663056827,0.000273574039968644,0.000419405403579529,0.000958497621615888,0.000453318134730498,0.00019206360654072,5.81779467298667e-05,0.000217797996392666,0.00990978521488123,0.00184937617525853,0.00248790594989715,0.0023893166495714,0.00197050768510388,0.00150240734264441,0.000603940199112161,0.000613700438811446,0.000213551795087199,0.000373394914435781,0.000580486656474474,0.000304030185427803,0.0315191278377355,0.0139180027949511,0.0148181122047437,0.0210947303813299,0.0225728301714846,0.0192809262642014,0.0134358874753731,0.0153915123546769,0.0146850266826706,0.0113138766645905,0.00639330652470528,0.000872762136157923,0.0998773556962314,0.0389635060665537,0.0358080538190049,0.0420339834993891,0.0458959333939188,0.0502038279100893,0.0321765687131886,0.0177598107197837,0.0168467649110935,0.0132473638620323,0.00952271485886287,0.00617721329065956,0.12141275532918,0.0674595238032085,0.0115979247690135,0.00598255542422967,0.00856007507377444,0.0124014709432627,0.000981795399661485,0.00299107241828237,0.00376864219071393,0.00302731389243599,0.00123161273216979,0.00142797893306567,0.049705914084041,0.0163141784682297,0.00375447564479227,0.00444822913391262,0.0126186739183591,0.0039043682410693,0.00960673888826591,0.00637289225844551,0.00856454195782261,0.00779562225149005,0.00803115078205986,0.00843925778009992,0.025330211547402,0.0196653837615235,0.0183388783620279,0.0201465365094129,0.0160679437401636,0.0113327415308404,0.0124148251393373,0.0116593475977937,0.0123977097141979,0.014852519331935,0.0137816451317965,0.00813596866031088,0.0102913908934245,0.00478822031993529,0.00133170509026077,0.00237942959466268,0.00346491780318982,0.000745670260542793,0.000931839075042818,0.000401450824006155,0.000570841195031666,0.0011144603590555,0.000945929721499743,0.000715915482031945,0.0139465994015863,0.00607640728485044,0.00195728157867494,0.00134387746204487,0.00138277320418639,0.00134072165727331,0.000570307747347616,0.000253520302290676,0.000358484651269988,0.000515182291510064,0.000309342889592149,0.000213349370461142,0.0252495750259498,0.0212594135585364,0.0341825114938381,0.0373171421505055,0.0429017025545327,0.0398883318874121,0.0309733696332529,0.0295157011903584,0.0258436767098677,0.0197035112961951,0.0148505970497413,0.0111281604600005,0.114620318108123,0.0507533009083619,0.0263834801142988,0.0479941384945473,0.0448041086702666,0.0522681985337681,0.042558469536404,0.0290952797653065,0.0200576594761464,0.0122001668508688,0.0116245865302208,0.00932697535630432,0.129484766784024,0.0710106168673794,0.0152807927227904,0.00401164104488969,0.00704218390063503,0.00234315922596494,0.00726124850163278,0.00319098718745185,0.00206650355618977,0.001095934543966,0.00181313223750895,0.000649334614249924,0.037509248794295,0.00227798270712594,0.0364143994018669,0.0364960618687642,0.0361347051016232,0.0466722925077264,0.038629099007128,0.0355516476075607,0.0384277525296261,0.0419239827945805,0.0409091601720255,0.0322116074258821,0.00644901643855185,0.0137959685350511,0.0213050198853433,0.0214647089963544,0.0175385731175209,0.0152136340157127,0.0178685946615814,0.0223904424328679,0.0236599807480528,0.0208332648300717,0.0190398166452426,0.0176888169578483,0.00685228768455437,0.00482694593336141,0.00375888565935094,0.00278737879490121,0.000879150661738266,0.00025726811839696,0.000585161924549602,0.000703366185826417,0.000296516530270594,0.000217482451847127,0.000274535837296457,0.000314674311180304
0.00461191940963738,0.00427408957076618,0.00142146917265247,0.000937118928849853,0.000447373440963487,0.000700540756586427,0.000349382724284196,0.000561358320575276,0.000178298978817919,0.000163383232340947,0.000346600050561693,0.000428403117769901,0.0130970528361457,0.00535556882207039,0.00443707785253798,0.00156060795061687,0.00150294281569601,0.000230936075977826,0.000195524984292957,0.000327556870395873,0.000141141648844946,7.93862713482663e-05,0.000152491270148215,0.000188835496771857,0.0225192605041172,0.0272035495194448,0.0108738139612441,0.0154790048585841,0.0142676876730897,0.0122297737505092,0.00926113212448481,0.00420536955704145,0.00425015405039386,0.00931124838212087,0.0121861779705293,0.010539690784633,0.0072698801172701,0.0466106275993638,0.034285203532571,0.0151060337360213,0.0141622546954452,0.00978254170979268,0.0127517561046095,0.0115544478682206,0.0112602476767343,0.0103777637659421,0.00975467859695005,0.00794922186794001,0.0365753229371536,0.0121395504255462,0.0076742268426492,0.00449504774140599,0.0106732778998649,0.00712140647334989,0.00540084669089676,0.00516507772372611,0.00244503885438344,0.00133252753092595,0.0023506533275463,0.000648538571751155,0.0811584188041057,0.0681376237204038,0.045823549843677,0.042744454476849,0.0535944041156259,0.0541410543505986,0.0386090067191592,0.0343290063278427,0.0228479643763732,0.0166178550429426,0.015044842267148,0.013319016888225,0.00847794939854517,0.0207822584537548,0.0150984700058974,0.0289042754768078,0.0375708933366782,0.0300621925293868,0.0290518592094189,0.0269115720780348,0.0215092891157484,0.0140891463768962,0.00621321913963703,0.0112144460355644,0.00104385956774473,0.00545282318319124,0.00196979222871153,0.0011210499444391,0.002229843729793,0.000198902418027092,0.000777997001666588,0.000270542640250844,0.000444587512587795,7.32773931020758e-05,0.000238821224861364,0.000104478534312931,0.014430270567139,0.00788692606406114,0.00263778750769863,0.00264810115090546,0.00116431463175194,0.00108539862513271,0.000482374467533642,0.000769758648834641,0.000661249358587404,0.000213548156676423,0.000396090384897699,0.000199816980600926,0.0345018315057825,0.0355473224003316,0.0212573002196906,0.0238349559866217,0.023163226080017,0.0199531727789834,0.0156560077847089,0.011637549720253,0.00821390552610347,0.00833080844307985,0.0104204417896868,0.011509963112112,0.0390296703075388,0.0499805275082935,0.0321554538714937,0.0152043130502725,0.0198206775219672,0.0151233457572953,0.00887666752471208,0.0041846514377067,0.00947746342679461,0.0075811495091873,0.00782549748847447,0.00709734404936415,0.0471932597824353,0.0277491493979112,0.0156114714958117,0.00778171090380784,0.00388413779327914,0.00328934517590134,0.00146370421967856,0.00443378736025209,0.00190896399548345,0.00230727388075652,0.00133929547824186,0.000933243048314184,0.0725621999778379,0.0723394615343394,0.0733964433442077,0.0469725869737987,0.0391008245850985,0.0344672163094579,0.0268077609243536,0.0179244639034747,0.0208328195873929,0.0187739462854726,0.017782741838682,0.0169880035050639,0.0106965125530685,0.0248588635093975,0.021766839375717,0.0108352571117246,0.00992058682263202,0.0146641296686096,0.0123315574149925,0.00815487184881127,0.00515425291797923,0.00590889428631836,0.00585414303324751,0.00525356327215849,0.00679472715689106,0.005405485901775,0.0012963397748938,0.00131248986797952,0.000482339114080244,0.000453288567734249,0.000593662057950734,0.000752066266017246,0.000558687508855065,0.000312046003062479,0.000627631572288347,0.000177160510521559
0.907823045207851,1.02320209605915,0.482710281040185,0.343853282904614,0.0936790424491383,0.0964508013214112,0.0525098875656391,0.0624476970147906,0.0350202262298222,0.0602005994353293,0.0492621926711477,0.0565756657611062,5.55678516239642,3.89436807221228,1.0925251621137,0.370894719177311,0.302892631225853,0.129881535733617,0.0660250568437282,0.142433125399461,0.0237204924128157,0.125684566005753,0.0722899090755475,0.0206316275295515,24.7045668735892,17.0959556586893,7.13361440354429,4.00726212866228,2.4695538201142,1.2685372380855,0.841840258399131,1.32832374690312,1.15743299291325,0.477551105209762,0.224175538653459,0.316149833533646,17.3527557319065,21.7569392858179,9.51553336194545,5.64629765485466,5.73301276057087,5.36628652921284,2.95573585952545,1.539443129463,1.31908779729886,0.886172309606515,0.674803327825147,0.684010599052229,16.6145833684407,9.74555673841662,0.806424953561426,1.2525503509263,0.885151288407888,0.696500032852549,0.132172006795081,0.188433844904188,0.188202416031891,0.263868122207188,0.120684712266548,0.0247049526669235,4.41465137228114,5.60424836915099,2.4949938286653,1.34510950699423,1.10457263351652,0.43407712039453,0.889140341323074,0.493014952422523,0.0557774627784242,0.308192918748344,0.202494677563225,0.348785998833871,3.68034314906497,5.24305605377139,3.0283802608195,1.51964061682116,0.968726657576419,0.0313550473769908,0.365727874595274,0.199319972549191,0.13061617117132,0.268256890823746,0.45146039312324,0.39453616559843,1.71882518838512,2.71088845756779,1.20658461141698,0.254966799541596,0.376458327585954,0.111895490460613,0.190932607054647,0.0409564735444415,0.0663368063207428,0.0549488823935125,0.0975900624571266,0.0512141655441404,7.43449149740633,3.73654381285538,1.07894640182869,0.474568126337703,0.405301042990553,0.169084625386222,0.142562861340251,0.0643699472618407,0.073950670741583,0.0722791289395019,0.0834521445878697,0.0652323317452786,27.7822984711723,22.3546063457198,10.1110725847381,4.5818132122573,3.42673092427634,1.94437050980023,2.8388168616774,2.22833888121121,1.06141558464324,0.782933177985813,0.796945531520842,0.778237525178475,24.4321416008013,22.7031202592135,7.11892435273143,5.27307035774648,4.06566292866922,4.71089814125619,3.76596971966818,2.38178800200175,1.68099526392362,1.04255674657582,0.832707025017827,0.485823661830796,12.0910379431757,11.1032462062055,1.82524641623563,0.671788490310708,0.75554614629309,1.06975364173705,0.586125960755724,0.33224117230553,0.241146266879814,0.230439145420594,0.131883119127754,0.119643765027197,1.33488863175918,6.98238896289078,3.93619447801719,1.72398544662707,3.06718987139814,2.12338575707214,0.297654834921411,1.08006339539577,0.991557999162689,1.40252951284529,1.19913064854243,0.846620975744913,6.25591804993594,6.18247504986337,3.07177185227148,1.41475121851714,0.926766227428562,0.467843174834495,0.0724158067875025,0.566569596679794,0.709273977288034,0.670534140528128,0.495483643132447,0.327052504128652,2.23301693227702,1.04236858471445,0.923230960502305,0.398458720337544,0.267667106654276,0.0702805654027682,0.0369830283407434,0.0841185417181434,0.0689440510598476,0.0397339607406155,0.0194763971603286,0.0493739063195486
3.00432150644657,0.84286203871581,0.309936649553781,0.204613577903377,0.211015918285364,0.0935809416459742,0.151299351820452,0.0994096894537844,0.0393367521246543,0.150704112226999,0.0735924424376993,0.141669432957869,12.6990526826727,6.4278805666768,0.667711493794078,0.190262772510247,0.220595922492951,0.174618685167943,0.297594319485289,0.0576564024813717,0.183564865156479,0.0895216347923092,0.190741749396484,0.115212031158277,30.8885063020214,23.076942872609,7.50798565709391,1.65981225150897,1.90682072118357,0.887610596210599,0.665089919408066,0.970167442068439,0.725804834260115,0.832295654353119,0.779519977122703,0.584085550596134,29.0664809230692,26.6676076791231,8.49440518132132,1.24849296309023,1.62075673999772,1.2634160167752,1.3450283331299,1.47014678010404,1.31105699573644,0.848325860452587,0.744224212512933,0.844113994037212,23.2037398389304,8.98201611877914,2.28650791061564,0.454546861697846,0.628705841576233,0.625956793382175,0.462210818216925,0.11068746809024,0.15731465668662,0.0800458098248822,0.154473021149718,0.0845020606061483,6.35201841804877,12.0329123149996,7.42089462694491,3.61952994015655,3.0275729611237,2.42138544196742,0.708665444291102,0.802015972835081,0.801642586952977,1.02383083480543,0.906835601917387,0.732095219903071,9.94009261495819,6.29433911955908,2.47902075073275,1.82418587463052,1.9231665020051,1.15101497449383,0.855876490185035,0.914967252543188,0.920393738803013,0.574626774673504,0.281276204763074,0.361125555043328,3.98352057636615,1.21998551709017,0.495861604573339,0.320558454068846,0.213370247813516,0.124627445911477,0.0696683204995326,0.0464695314604748,0.080619526367137,0.0662694033493054,0.0255136833749889,0.0765516466745735,12.8913801387198,5.93402469097091,0.968976548941233,0.334290694264276,0.297347770679607,0.139175327305622,0.193409453228753,0.132745875096222,0.162898919630295,0.062568413646625,0.107755049925869,0.0898944898040542,25.9906427913234,22.3440390645684,7.67055457753856,0.396639455864389,1.89818048902699,1.97249456984013,1.84841296554594,1.38810694821879,0.940545072445987,0.903587811224251,1.00995730434989,0.841332974140532,29.4058881478938,23.1731087085591,8.60598277408721,2.26829456685803,1.94002791896676,1.63326079883448,1.17490260432962,0.844664508319981,0.847601375254149,0.873500938047375,0.968904266427648,0.64685172570209,19.2369085388668,7.93124835579117,2.83545075925935,0.925962062011124,0.325558950343166,0.262402012629888,0.154099877205048,0.296646360530271,0.104015084749774,0.0518161540043093,0.0613921454574748,0.031718915211731,9.61519037620082,13.5215351759504,10.2730348080077,4.06105710646071,2.0208227569764,1.80612998596116,1.42173610990505,1.10100441073008,0.909072338192233,0.462142458809393,0.327246172103833,0.336291229639904,7.7441837634573,4.5167983924006,2.99774728486425,1.75494982639861,0.709949121249827,0.723770310639443,0.443772733902426,0.461457177859601,0.291743578447563,0.369172854117586,0.312165943595234,0.0656007807487098,5.09346219537072,2.20041475746682,0.385043381356635,0.417802583684093,0.197234524388779,0.046035465176279,0.083139740734885,0.0233171122661136,0.0320863099389615,0.0381383022625395,0.0375962745970192,0.0295869112910087
0.755941752217779,0.151862902954155,0.0504766570131684,0.0285154802992036,0.037469689995174,0.03677946431519,0.0467408581405531,0.00435365727801058,0.0216840628007199,0.00611662058764083,0.0297572753531819,0.030299502797268,1.90270481960831,1.26178270327424,0.489427626993687,0.418123271565714,0.227860586971156,0.0502838929827346,0.110772074666665,0.0455336878331075,0.0105800714723912,0.0209422181319858,0.0326987848113845,0.021462289424306,3.4868751958517,4.96051363092829,3.46711169900025,1.3877280148221,0.735074988815228,0.235664100123807,0.274770007025833,0.167122614311467,0.0522602854812529,0.184630253415028,0.225887973289697,0.112581853019577,4.819117727675,9.80308189154604,6.06576153687963,0.646388691829899,0.657244123817013,0.417483550199883,0.28987439004793,0.2440200733034,0.400533254383805,0.267453242554118,0.172218024653875,0.235389642096496,21.9478766894374,16.7753820718719,5.07745492935508,0.880416217005739,1.16090321838048,0.701167492022687,0.151221075423537,0.210579503091425,0.0241831847960076,0.0688115947829198,0.100662769636262,0.0180075621471714,3.01910485055195,3.91655239462227,1.43195005469993,0.403187326807558,0.419999043903588,0.348083388303525,0.662999199650177,0.155782693210767,0.119704527315082,0.275866261875811,0.143584565623301,0.0416561217788247,5.06974376232328,3.70670200036813,1.49682511790589,0.472348818548904,0.503317637761024,0.43525861443281,0.295684696050593,0.292631007307418,0.195080634744143,0.22423954263168,0.225083369947372,0.158766909590573,0.843035215994147,0.276132912390354,0.273667333133981,0.01559955760424,0.122501071992892,0.0166539317403375,0.0283947241137861,0.0443169339563367,0.00801986664192323,0.0435780004224039,0.0398982144967543,0.027815671283988,2.76996644135816,1.87065876184183,0.564218870481016,0.0904123613838355,0.240923823741558,0.0556471048219378,0.067138014796945,0.0320248302709943,0.054407349055335,0.0637039318344047,0.0265399030344126,0.0347458732209158,3.98615673960663,6.8925545181304,6.25454573152949,2.40901536572031,0.882081035532698,0.50356588460943,0.465893682405531,0.360221367057057,0.390449298537064,0.50376749555288,0.475269217836083,0.420602295055232,2.53015173091509,8.85949817580543,6.6867415539508,1.52662956901507,0.649124519914017,0.743725444116471,0.675933116893011,0.0757053310297136,0.34848240436987,0.304210390076191,0.299977147125,0.382450317879161,17.62887404969,10.7805822168697,1.30045538715959,0.407148601114275,0.306153845362153,0.373892556332659,0.215825097749925,0.121300401176396,0.0523276180077083,0.074754203683806,0.080082277597878,0.022300095766823,8.69848532788309,13.7453744005814,7.22090941810397,2.09960695221221,1.8327444220451,1.47009868614933,1.11372724169385,0.847595420289704,0.692956969177902,0.859289418865123,0.617975145223508,0.562152605729244,6.10492550145161,4.35237507387098,1.34084729816164,0.627157433240165,0.898043673720711,0.621580225357112,0.385015127172513,0.311174926283218,0.405646363437312,0.395456411035703,0.341604720045542,0.214085905197325,0.971417990733946,0.624288890825921,0.307141684364063,0.133728178087502,0.0333885350223019,0.0312304218879806,0.0204328658198346,0.0300592855800385,0.0185388135954252,0.00798190705560601,0.0102867127236452,0.0068188231428009
