4,0,0,0,0,0,0,0,0,0,0,0,0,0,0,0,0,0,0,0,0,0,0,0,0,0,0,0,0,0,0,0,0,0,0,0,0,0,0,0,0,0,0,0,0,0,0,0,0,0,0,0,0,0,0,0,0,0,0,0,0,0,0,0,0,0,0,0,0,0,0,0,0,0,0,0,0,0,0,0,0,0,0,0,0,0,0,0,0,0,0,0,0,0,0,0,0,0,0,0,0,0,0,0,0,0,0,0,0,0,0,0,0,0,0,0,0,0,0,0,0,0,0,0,0,0,0,0,0,0,0,0,0,0,0,0,0,0,0,0,0,0,0,0,0,0,0,0,0,0,0,0,0,0,0,0,0,0,0,0,0,0,0,0,0,0,0,0,0,0,0,0,0,0,0,0,0,0,0,0
0.00870013357994355,0.0382802678503335,0.038121118627726,0.0153113806595992,0.0171657602267587,0.0119607589246718,0.0101369386477324,0.017709935994867,0.0157316393817348,0.013131680372295,0.0102122723905899,0.00911784562352739,0.102677183967562,0.0606163406993783,0.0145098248687104,0.0178603748214818,0.0139491089589801,0.013221769185227,0.00897094769365136,0.0104036901986417,0.00481545766899894,0.00239661403656275,0.00290795976877584,0.0034128815134661,0.112394482062883,0.0706742973393256,0.0709351835495685,0.100874391224469,0.0920701704645516,0.0742793418920447,0.0392714384027513,0.0134194460031836,0.00689689593405163,0.00612127139380568,0.00731459055302549,0.0133131065799774,0.00556943776576279,0.0119767746603712,0.00608076781221872,0.0197617402315879,0.0163189072297309,0.013255511522181,0.00644483112247002,0.00214378633279051,0.00221136599629555,0.00206857060296218,0.00379315136222395,0.00214870734882365,0.0121813075456342,0.00574627166711598,0.000290199913713782,0.00128846930588205,0.000590872780916227,0.000994092101672258,0.000200641240240729,0.000119372836250139,0.00047689842556139,0.000469853672936349,0.000515435849116684,0.000365470194179042,0.014182762770914,0.00460465137958694,0.00332892573467858,0.00129788300220731,0.00104887104817989,0.00138719249231121,0.00111766271673813,0.000814934828782092,0.000131522250804146,0.000265972328766215,0.000567700593346144,0.000328575295534403,0.0410107199009063,0.0500118655095975,0.0337178999033846,0.0125613618784977,0.0134320963053556,0.0244083965340402,0.0295512701311763,0.0296364955429846,0.0281741755170062,0.0252863297939656,0.0169838045172291,0.0103942542103686,0.0072742967001934,0.0425063446807482,0.0501071231694109,0.0228915454798268,0.0100345780773243,0.020635385540027,0.0265005565688756,0.0280559194362784,0.0264348541285206,0.0250386701386905,0.0217332226385129,0.0174594263623171,0.104337400953021,0.0680538747929468,0.00732025076001568,0.00690849259909029,0.0101504135562171,0.00566663601415087,0.00520916656966525,0.00314999401113252,0.00393547666925831,0.00455562930858328,0.00392605195862918,0.000935685058326974,0.0894390257618249,0.0277504776672288,0.0706061621830388,0.0857834737463025,0.078177445616636,0.0567434357504084,0.0200433176108115,0.00609887414724461,0.0213633054939934,0.028728020130851,0.018312059523929,0.0167360722894188,0.0166706938475501,0.0210528966292909,0.0191705837529676,0.0320764871979635,0.025006866881362,0.0158056900744854,0.00890497488738472,0.0070957614361367,0.00604153326903435,0.00580866366595043,0.00959810698358071,0.0100579524392255,0.0132930211206191,0.00556422126167683,0.00168895660396085,0.00130261874934817,0.00113959381196455,0.000220105991573188,0.000125987661808916,0.000181993629070837,0.000453595835044038,0.000237756401787567,0.00027993984751183,0.000347961576187946,0.0162675522149549,0.00445780334528881,0.002219059705738,0.00147834973488516,0.00107778097572394,0.00104240025507505,0.000502961546340446,0.000790754047691248,0.000971518369175825,0.00105051261738702,0.00142988594340366,0.00180693602062423,0.0264739590044276,0.0499845643865981,0.0437879442005149,0.0179647156882066,0.00883091647017565,0.0142567040415449,0.0216442133705743,0.0209381645646045,0.0192268537025082,0.0169157330232325,0.0186684133984643,0.0109331755419402,0.00640676914795615,0.0495741438807986,0.0556666680704782,0.0282407182640347,0.0160281693292143,0.0183888435864399,0.0175180621693878,0.021735001052806,0.0212932679107854,0.020346543477894,0.0174019855267079,0.0170372299423667
0.175172079921111,0.114371822113566,0.038504158980339,0.0323162775270132,0.0322219350703202,0.0248421745738278,0.0274518178697396,0.0193205088496659,0.0190994201756772,0.012801079712229,0.00946598423515204,0.00647940201260095,0.182226470855584,0.0956252987102698,0.0360874747505674,0.0060473834103303,0.00843255896565941,0.0110563946930998,0.0232869541454548,0.0243732649714851,0.0180568109373447,0.00551621193356272,0.0137420463534826,0.017788197082462,0.0412249681365808,0.0188535468224015,0.0655190565015338,0.097890806245967,0.104458370590767,0.113755008494637,0.129542155847188,0.0982064379918223,0.0294469360939658,0.0429517836330288,0.0849481905964539,0.129008140361377,0.0474967090507019,0.0182261095362005,0.0117274334802793,0.0171109280272673,0.00746557916951721,0.00311105632168227,0.0114151289259653,0.0160627373065771,0.016618058038211,0.0145022195539939,0.0151123833634215,0.0132885419410955,0.0544113717672629,0.0232152143836463,0.000488057124339682,0.00112227198765229,0.000687295948628797,0.0010911454771488,0.000469294402084208,0.000422746691486641,0.00022605446991384,0.000399489419505063,0.000664846390758114,0.000353109170499456,0.0544411609266844,0.0261188025083023,0.00189608932780037,0.0019441701243044,0.0023382542960152,0.000952056294782652,0.00022904869325727,0.000687174241003312,0.000834087212172499,0.00123572763544662,0.00105818490311165,0.000749703549326444,0.0298796702075031,0.0142158090939816,0.0094204688234919,0.0195460402449394,0.0283335953959206,0.0303160930176154,0.026015127157771,0.016170294495504,0.00901018980738816,0.00777552853267835,0.0125107515662354,0.0118303083794787,0.0903866729552154,0.051328394432223,0.00637653386885779,0.00124349214929883,0.0234067648830278,0.0398836980067991,0.0350257973038454,0.0227720613634317,0.014406893513649,0.0153265476406764,0.0132488414815444,0.0116052221951012,0.177267218326405,0.091939735398616,0.0337363124806152,0.0156691230899631,0.0112825194371469,0.00680379541833908,0.013514530448771,0.0111776868625383,0.00602832595205395,0.00988378547571057,0.0100616547558424,0.00509840356249835,0.0865922023967862,0.0480004144741244,0.063082340044492,0.0826888545208445,0.091324944610023,0.11062914635766,0.0920543854204057,0.0355414093631257,0.00510606752103358,0.0488102333054398,0.086692133992079,0.083687566164545,0.0487964546991463,0.0210418185935731,0.0200858470109767,0.0140125579039347,0.00890219872355627,0.0145257514046996,0.0218501973885109,0.0197914595541074,0.0165329693919821,0.0170513859183616,0.0175155106928296,0.0177129575300935,0.0543057726334379,0.023189430884025,0.000651874059580071,0.000818273211494362,0.000911687730460574,0.00128432208810183,0.000869927768485922,0.000740654976947213,0.00043230224693432,0.000464516605791718,0.000381921758756464,0.000541855751748983,0.0573609892613543,0.0271419796854592,0.00193588853556123,0.00161933780946232,0.00246263228649016,0.00163228686232,0.000810080640514836,0.000436978477199826,0.000538916430652658,0.000744005380523568,0.000698496265934214,0.00039213096342614,0.0338487752787684,0.0179158384558343,0.00661959456322321,0.0151157579585278,0.0264527619821974,0.0258802155859368,0.0207705910876975,0.0154380453543415,0.0156180648945747,0.00970164071534605,0.00678059135545788,0.00733363626350813,0.0957874964346475,0.0618157657765324,0.0166725133829473,0.00955099854190708,0.0227283805886288,0.032388200168959,0.0318969944224844,0.0255827904449333,0.0199324457486007,0.0167187777724345,0.0152146041995126,0.0131645168453411
0.0840193572422682,0.0199209713632444,0.0234556831122479,0.0162801103188088,0.0200080046749257,0.0149419292977462,0.011681227936334,0.0125120680037744,0.0112782993023074,0.00992119999599447,0.0076843100802534,0.00692049807331996,0.00913352672752111,0.0725837921749199,0.0247120660357963,0.00706492637599311,0.00714227862846683,0.00793579609424933,0.000847956891814352,0.00386130031856129,0.00875245608187829,0.00401010772621676,0.000927768280697734,0.00526119168797204,0.0789755670361093,0.0997629732201105,0.0886645450863411,0.0577067793707225,0.0475133969908432,0.0413512944722342,0.0282599483989464,0.0180550008941659,0.0246647240504881,0.0427925906718072,0.0535172191773286,0.061560825427055,0.0253058600236618,0.00867481763932985,0.00163225499378351,0.005337345162027,0.00604036675663611,0.00317167817653698,0.00247406705777627,0.00167616784046194,0.0048532944004735,0.00486232719885999,0.00372049905797438,0.0029773727322087,0.0167356259160353,0.00702015837064731,0.000388667312863416,0.000290905142080436,0.000397999508944394,0.000103919480843588,0.000273713162715417,0.000268348432360657,0.000194660173091471,0.000108949464504212,1.53012364336122e-05,0.000124278202487491,0.0194124817357264,0.00667334023696696,0.000974001508721697,0.00171390113968188,0.00160634107840833,0.000880020361043248,0.000391247895446509,0.000622888634009541,0.000365337488688107,0.000354121794705412,0.00055731027668251,0.000409985003056882,0.0643211303657288,0.0324403890317554,0.00320548728094611,0.0172832406749426,0.0116729841732951,0.0122520751351443,0.01296224123059,0.0108808978668662,0.0115158330100907,0.00957300839594315,0.00727296108595327,0.00472182284724525,0.0671694497874353,0.0382224159956115,0.034005172546809,0.0228405526746154,0.0156166491963716,0.0212466171441609,0.020958346951082,0.017722886900686,0.0135112232781805,0.0109738141341769,0.00927586557323884,0.00847528160367705,0.00623505420844298,0.0556791018443146,0.0306027639809072,0.00444471936298225,0.00865009587424718,0.00450130320644062,0.00352772786021017,0.00280937756904362,0.00141642362821513,0.0020200151859553,0.00242863495438214,0.00126342516566558,0.0810285905485835,0.1009245383097,0.0722985799517329,0.0248545976937612,0.0390807019595727,0.0315426176952575,0.0167462582203298,0.0130080147935306,0.0276769089312652,0.0367259256882801,0.0435555574954494,0.0427194037253704,0.0298825921631281,0.0136750401051474,0.00896817186028472,0.0144314123982763,0.0108430087232247,0.00653477908026337,0.00529552385720422,0.00578911553486489,0.0072956788516506,0.00703047686542195,0.00773612676148166,0.00764213536232748,0.0187517797013806,0.00749062461860025,0.000120039830925841,0.000529817060778255,0.000186307409931595,0.00020854925568655,0.000506310990634997,0.000531764234189442,0.000200627684181755,0.000244951915752299,0.000213747918097112,0.000268989131314777,0.0209673486714003,0.00749576406873833,0.000951338500565949,0.000938457726315381,0.000344687961744794,8.22494544112022e-05,0.000178003689833343,0.000124656752957187,0.00016325449848064,0.000275047437784201,0.000364935019829896,0.000330961035229684,0.0756832292835661,0.0387335771999966,0.00399195610431627,0.012259437951221,0.0130120875648646,0.00732177313346005,0.00893947018983853,0.0109905496981983,0.00878489630272944,0.00595603533587744,0.00670387402883739,0.00698914796140161,0.0930333264997651,0.0570507667423855,0.0401855130756722,0.0302267401566088,0.0256940674899629,0.0204865562474018,0.0159199365389747,0.0150759099305736,0.0113291976215328,0.00904759587635424,0.007810244425396,0.00740025009304772
26.0922044401163,20.975570924196,1.27309355535737,3.40228853072464,2.73487778728146,1.86224817229651,2.22803927931381,1.4912767076157,1.30909618206827,0.719664593216096,0.634057803222825,0.525008121121953,9.49792993826721,22.141075260575,11.0167878675619,2.66466155486867,0.929524275959696,1.60196633297561,2.11170919112323,1.38514479444483,1.27760127548059,0.276231413030311,0.523534321018715,0.878399006506255,8.63191879294474,5.48227439409989,5.86381754110868,7.05211272365904,7.79500366655814,8.79640901340361,8.42388633681874,6.29340776661365,2.99348459602872,2.84214514162479,4.49055963904065,5.84133393982876,1.19245066499478,0.469803116506048,0.404095681296328,0.708888584686798,0.385492371253997,0.309417151605797,0.134821392868154,0.367216083846652,0.543170914433688,0.488979939221645,0.451941789688864,0.309235729348001,0.96368259511747,0.537308144582342,0.0909690331870724,0.0451648071383305,0.0503997866534959,0.051102247396659,0.022266402857506,0.038823478989224,0.0212533593892185,0.0127777377065499,0.00595944163889125,0.0172393985749146,2.49043535025628,0.81776030908533,0.431799962677273,0.0855068788922323,0.218031940114453,0.036089881088678,0.111445027690764,0.122036577044501,0.018470562154348,0.0859468948123255,0.0809531594332797,0.0270284941849686,23.0022568704428,16.28198126484,6.08468039064355,1.79911451594455,1.61443087270562,1.6262289720446,1.01534074299997,0.15803618458341,0.594498803358289,0.688925430930855,0.591053385574169,0.44445727742902,0.959619141537168,13.2800810097774,6.11229236745203,2.89099116966499,2.02404746545899,3.56247571589694,2.32732334679663,1.55647208545438,1.11858388589716,0.686982184107882,0.550603690679301,0.598027650141747,14.9562807383213,12.9431098454642,5.35818685602853,1.96305384156585,1.93552934954059,0.575634290275145,0.870089088722987,0.817933066520245,0.456227057928098,0.477196207438828,0.460459825075008,0.19355861423413,3.09898544630114,2.25078868647098,3.99184398345284,5.5113527187312,7.91429642087508,8.53482496262773,6.4081043602432,2.90558619292318,2.01759097186348,3.52004345904785,4.95548748061203,4.53986548286256,1.00395091061617,0.526728109444786,0.879549360304649,1.29219718904127,1.07041928797383,0.487737825712593,0.751807064765199,0.615773789852744,0.508358711515423,0.608141953325487,0.650804120317892,0.68034870336257,0.920803885705602,0.414660610413878,0.0833921608432647,0.0145279618204788,0.0501032694783585,0.0524851788959428,0.00757413564471619,0.0291883850376973,0.0286996411431854,0.0158310048047166,0.00670314577451135,0.0213018005023308,2.20280594360587,0.517956066008484,0.482590121627309,0.256412008327171,0.0780390503870726,0.177021642269487,0.124070861928231,0.0753657869216773,0.0356153267666193,0.102407061251624,0.104607094724687,0.081684871155742,21.9879043770234,16.0649808702426,6.26794767511749,1.02583617179725,1.76164557524968,1.48897434936085,0.704411614091732,0.231175345156247,0.503176731374093,0.294017754327125,0.410604236499715,0.468479328569069,2.32426170460173,17.4185919708164,5.49876578811435,3.61228797248048,2.81823893265292,2.67070763640759,1.75229867251699,1.54852862680133,1.03032461865698,0.518601427772614,0.693546595296586,0.799283858874368
22.8746053522783,18.8362469147254,1.21661717831853,1.49538014442169,1.63302076455964,0.799274738996236,0.591246970496991,0.899677215021273,0.752777722498004,0.549735037948835,0.178868136122799,0.233295836691328,42.7875024591759,23.4097154455944,0.369273525504773,2.13208948352766,0.79387971912178,1.0753356478519,1.14731229771529,1.06116055364186,0.186705672944278,0.378951762087736,0.341752918604795,0.175767070056345,8.66474076273728,19.1342816625452,15.2853004931216,9.41639151929166,5.68439674027398,3.41188222717817,1.62798363868718,1.90652177046404,1.93461439969697,1.54526725683098,1.43938134934438,1.06546078163099,4.94962479329803,2.76748748162693,0.820579222681328,1.07501584969991,1.03219526221078,0.820412244916007,0.401497615637954,0.100514419615357,0.183006095629956,0.146520343854018,0.0826345550326932,0.125570865270784,0.431607963516953,0.293489384853593,0.187731788628174,0.136327213301851,0.0344537492695529,0.0483168414439373,0.0169664055568353,0.018308914104595,0.0184592858201264,0.0132812845921215,0.0119826738613369,0.00695355443573374,5.34788311489736,2.51082327822664,0.959198443237468,0.298906025296987,0.206062275648846,0.24828875442199,0.078870653830046,0.123521552659957,0.115175726814561,0.113181192450699,0.0518172108793461,0.0804191406527519,29.5310145341367,21.8337709143563,7.67346277882717,1.30678991120443,0.544868234296271,0.806589418025756,1.0044739592276,0.810521653807902,0.945027940710225,0.919292329522649,0.736495557866284,0.59187242873803,24.0586249233091,26.1207679947293,6.72351191518486,2.00192502847492,1.40460007170639,1.25499630305511,1.17968778989707,0.987240372310318,1.17690288705128,1.13595975492379,0.667123399412996,0.546552940164963,44.1235102696029,22.454950491676,0.755707468140611,0.562158702224594,1.00543991853924,0.620152827596978,0.455296001876011,0.53789740679957,0.208069737742443,0.117628252114129,0.244622832476816,0.203142312614439,7.72446387919605,20.6280199353768,13.5565158955191,6.79102134381784,4.98253875809903,2.94651525485592,1.11395176976353,1.5123719587799,1.55801438909489,1.98712858661766,1.06238565444062,0.621296613848526,7.80988646709366,4.36213524950304,0.19174587404353,2.07564829009799,1.29015116216678,0.56576369456728,0.317529044441491,0.433577966669288,0.343025731314763,0.288151242795756,0.266178265244876,0.11920568335195,0.425915325376935,0.214491583435419,0.264938173580874,0.10513259346957,0.0911122873990151,0.0196124863071692,0.00549360708037767,0.00624072230589981,0.0262617420488716,0.0061553448563695,0.00841315567943994,0.0230964198795799,2.90978308780407,1.30289042311737,0.367492615394043,0.387227582738341,0.117322606968411,0.167603342876884,0.131027538222774,0.112455006988175,0.0726756416759937,0.0950179250428975,0.114999918584529,0.0907542643772935,26.5106985932903,20.1825145972483,8.59421110581684,1.18095158313333,0.520774640018232,0.414181337529731,0.406513387699728,0.462778523956332,0.549935586122095,0.676486708649428,0.640057176659149,0.459196947344784,16.9211231240058,24.006547893075,6.15693547870066,2.64095083970416,1.95569088593416,1.16212605107229,0.3000419368833,0.83451031190036,1.06865533158297,0.747950213269282,0.656459636168877,0.884897053274699
26.2652043601118,24.9739174076688,9.02953296514371,2.50115461368229,2.31116942244276,2.34307780813931,0.854657647947029,0.740409561529853,0.999260689443728,0.610525321609904,0.212002773688754,0.43286614275552,5.66813039684099,9.34590397480779,3.79859683206549,3.09841710664805,0.671387323604866,0.879917813601146,0.434100479528836,0.73180333458823,0.781447077280404,0.265262682206245,0.244023997459055,0.521342866044752,0.229947846633106,5.26989575570805,9.99709366039995,9.21085107459073,6.4201187545442,4.99531473606281,5.06256444103614,4.84296824412134,3.84426952160848,3.02846511520244,2.81988191873659,2.48222585920894,0.172217397314704,0.684417407727587,1.04082995220411,1.17406762085506,0.507415363180518,0.415028640169447,0.509377414792374,0.356341316607872,0.0934489870797071,0.113295069406079,0.156571781442659,0.186375056729422,0.500771675130496,0.428586339121107,0.114696254817275,0.110380827013949,0.0522540986775591,0.0406949724122089,0.0301967686151533,0.0134023760477809,0.00118016006887378,0.00553488185231744,0.00917614721902116,0.0101739609700669,3.39218243192475,1.50827954105061,0.441237201978503,0.246933896877852,0.132883736469986,0.0783810707642466,0.0960930399340164,0.0686982059628101,0.0301457589481323,0.0816274045736143,0.0741726805538793,0.0425374063700625,13.7438741635724,14.1607729245479,6.66022656664718,2.57580102219405,1.72019826325336,1.18918778967515,1.21506842787752,0.833404381307196,0.416172005237468,0.308108817929464,0.265035065364759,0.333977348101137,22.8387138549211,22.7461548187021,12.9603753532393,5.28849290783395,1.76543936655892,2.59643503394571,1.8093379256183,1.26754507210026,0.97305705352283,0.722875211840697,0.52310169518491,0.560278517102894,7.76154187368807,11.2630336221719,6.44560184455458,1.45398375255203,0.676583527486316,0.815896200320292,0.407620777440702,0.283602788768522,0.127048778729533,0.31429724751757,0.219105838039121,0.0796159330469259,0.991274705664144,3.95397728180938,7.91071199900201,4.42522547076922,1.87370819920552,2.38896589032166,3.04244874367338,2.56168819860529,2.07042392633859,2.49158946605497,2.44592741468816,2.09730778624649,0.284233009599141,1.54129483361747,1.62557897301576,0.535370856062959,0.387926933530543,0.491360790639666,0.387023438370987,0.0335890584559724,0.275894901554779,0.369454395206073,0.339823839500099,0.280132187663889,0.935576132248259,0.557884090509459,0.0590278895061433,0.0679382075860737,0.0687834920300965,0.0904915673456048,0.00708630571760915,0.0210626837596802,0.0190076955201732,0.016287471106097,0.0128757804122731,0.00627041007401035,3.92407845992979,1.71400931249397,0.347514611182865,0.194068014614634,0.171889649758009,0.187268965161886,0.118085034018966,0.0406069669985915,0.0371550298199187,0.0337396023193423,0.0660398287810192,0.0422873717196218,12.8827996091196,12.2412560197832,5.65483477688737,2.67818655757716,1.42395717776744,1.31453853841647,1.01609155170065,0.83942605020831,0.712691817073198,0.336599505532192,0.157526276084142,0.119971307701302,24.7456254394364,23.8808488079231,13.709981098181,4.6686137813874,2.38432018309888,3.15330747727748,2.32625605391783,1.2595177450867,0.904171991398925,0.891079182732215,0.740338697696268,0.584432339853989
0.00281945777116449,0.00549233723028544,0.00125223545763125,0.00357301383964312,0.000218094765606743,0.00157265953115464,0.00173437594515407,0.000736481301860247,0.000771103244426159,0.00250639035452034,0.00265213119532035,0.0017321871158315,0.00063361467127387,0.00253930019096397,0.00247319234627458,0.00275730537181377,0.00466575134038855,0.00423976337567215,0.00213572836652169,0.000850819824609792,0.00179480997747895,0.00147630285054035,0.00113846154466168,0.0025835053804818,0.00768738395467979,0.0177469604138196,0.0168364227766662,0.0132460488207219,0.0087223007392285,0.0135638658744566,0.0139980467945136,0.00880998571366829,0.0100364457533773,0.00266250458235708,0.00634682725413109,0.00565861722350995,0.0675631198020036,0.0742779195189833,0.0589739305569769,0.0331840766116798,0.0375537643313601,0.0532918652958958,0.0669824383513241,0.062622747152004,0.0530757156623553,0.0446877210166533,0.039825494237574,0.0378305732394339,0.0561795836717763,0.0555877135269566,0.0221216076108982,0.000939853262239917,0.00096855018767731,0.0059659776810649,0.000674694455452829,0.00264097840954289,0.00117383297328335,0.0013381896686775,0.0016660988909601,0.00103052754682165,0.104381316640526,0.0460125758340534,0.0307486408051024,0.0374571778643546,0.0352275249611844,0.0284357914881007,0.0100553836249318,0.0206169278300759,0.0254912571109207,0.0194691367291898,0.013903965391395,0.0229973505699406,0.0677097926967891,0.0550244089618967,0.0428865802983544,0.0461220800667145,0.0367311251167598,0.0337951460150876,0.0279281379647774,0.0138419256546778,0.0150198885144613,0.03204615386843,0.0396425132726141,0.031842889291877,0.00753044076386315,0.00942109639214096,0.00486591024812563,0.00272660269653917,0.001613055606869,0.00203505276901796,0.00149248392589004,0.00118958657837813,0.000436764554317942,0.0011640521283527,0.00132315448271181,0.000717450993580772,0.00547153544012319,0.00255260677580265,0.00371029083047549,0.00123317695826066,0.00191095063117092,0.00206612021271893,0.0013807678621589,0.00138644779002481,0.000610596438385585,0.000886459662687799,0.000614567804717181,0.000168251472030574,0.00119118086836805,0.0102291474733706,0.0162739856259633,0.00814869379560011,0.00158416889088343,0.00146350083106411,0.00466743723218883,0.00526001636673415,0.00198277738508753,0.00072564364995061,0.00113067562160034,0.00274732577532861,0.0599903048484016,0.0675538625084286,0.0483237488407233,0.0165019123795231,0.0316753077772292,0.046081687852483,0.0566651965707612,0.0582269743862876,0.0505824658000208,0.0429081268430752,0.0375947503580603,0.0300411863362081,0.0464332764181869,0.0538808311294351,0.0265041315507796,0.00538734324325759,0.00367887567309277,0.00540112824598818,0.00346507267972171,0.00337899215856424,0.00360982624752909,0.00238961940583278,0.0033161191862271,0.00302618632112466,0.109762374313849,0.0544005667469109,0.00965641557695856,0.0144145720979216,0.0139499441450607,0.0182211059082649,0.00928394806603787,0.024487657891447,0.02427726748359,0.0143396553461994,0.0152182436497467,0.0181720345815889,0.0844073756094382,0.0593251199819198,0.0268718974119289,0.022383120681823,0.0354169560298303,0.0272575687608772,0.0241011773861247,0.0361046036704181,0.0421804982398258,0.0173966409425186,0.0228949401906212,0.0475840078745623,0.00147188337857047,0.00963282073874736,0.00625202948756208,0.00407385770018381,0.00140096529817826,0.00249329630466176,0.001563760525887,0.000911709778515893,0.0040459075674786,0.00290285413780536,0.00332602751530884,0.00149793001069932
0.00808181276592785,0.00763438135582734,0.00128309829668715,0.0043200971555524,0.00194939973928071,0.00223241914390056,0.0023746206538335,0.00381118780022345,0.00108298217505084,0.00237343341853864,0.00122353971850947,0.000764884909279113,0.0152012802026438,0.00662905379281774,0.00272445642785712,0.00155557743939946,0.00305900610363226,0.0024669291097065,0.00138535412474933,0.00203090692154327,0.00276283052343694,0.00252618986272723,0.00219909019971751,0.00184294440817599,0.0243391791373645,0.0279286702803349,0.00303752381516852,0.0108622540334941,0.008109615287251,0.00668805607778466,0.00715658077102117,0.00821731639286528,0.00532022942863721,0.00446156916938241,0.00538112866691836,0.00689249339061551,0.0146442976368036,0.0890617164054096,0.0661793884985598,0.0193799798820807,0.0176025288144746,0.0388951120635584,0.0412550841318001,0.0320865417451544,0.0266842655974431,0.0280933007021901,0.0279725448864443,0.0243992577917113,0.111715740492523,0.0448978098598185,0.0107075457192822,0.00257493441581743,0.000970934755617679,0.00585012134052241,0.00194194327844893,0.00176770367283833,0.00440839181826647,0.00317427010438824,0.00264754622577154,0.00293209099929995,0.0799798984138132,0.0674050643773253,0.0363654552428854,0.0155575667587833,0.0388316405401992,0.0556254109294682,0.046138086906734,0.0417579163385758,0.0127231132534604,0.0370356488950433,0.0551637324534785,0.0379308895599632,0.00751508411963692,0.0116912561443952,0.0531945548918084,0.0663577364687907,0.0569641355169818,0.0377795179132148,0.0189043397667025,0.0283854140222137,0.0385109139075082,0.0380650330080118,0.0321065751059449,0.0262561490131306,0.00408698124192343,0.00744871576884309,0.00636682934494073,0.00245721198667627,0.00138150734764757,0.0014020845118108,0.00248350890071149,0.00173551268458874,0.00158617432496167,0.00173516714932732,0.00207801619173971,0.00124193965764645,0.00546486023899641,0.00261983778219611,0.0011229325794321,0.000586656509951573,0.000717517450706714,0.000430895963161579,0.00201435913092838,0.00251646401733689,0.00132303361233811,0.00185460884655562,0.00245308352017425,0.00288387260971115,0.0124538000292258,0.0152918576599123,0.00822634956367447,0.00601803568542963,0.00360562556865258,0.0040538259714246,0.000984153777090626,0.00414188323367598,0.00236849849995133,0.0034853701316217,0.00098705004928911,0.00224355665893553,0.0386513345338456,0.0471693378088297,0.0226623840851892,0.0185010937800556,0.0437490176173977,0.0603731029986109,0.0529336684087279,0.0390992098208244,0.0342599158087324,0.0321956250191535,0.0272484724564343,0.0232994978603341,0.112498173315846,0.0701256330255941,0.00231196625878036,0.00953093623158845,0.00950776809343866,0.0142002787450747,0.0109029908343543,0.00180117316238238,0.00406562562751175,0.00209671433168022,0.00491332801459715,0.00323021149078846,0.0756970108401947,0.0436235725087169,0.0526985286896205,0.0567569578418746,0.015817086507903,0.0189892905943502,0.0349947554165968,0.0456133411868677,0.0500881426189866,0.0310278820102523,0.0145090749898912,0.0235362057866133,0.0176811707153864,0.0250520732591533,0.0775069427844124,0.129688536478865,0.119585928512247,0.0768508136790581,0.0378865654150955,0.0488387563029541,0.0576168314436124,0.034286348251781,0.0212624630619746,0.0377287141608956,0.00234320065329149,0.00704764600669769,0.00637331624930036,0.00706692788099828,0.00434737363968984,0.00509776432268204,0.00306715358143148,0.000580219547927386,0.00136574164922324,0.00259994472545528,0.00240528687914769,0.00313096760885118
0.005516118103197,0.00146462382443529,0.000928831204004816,0.00156531223930363,0.00103916377433205,0.00136021492556482,0.0025279109307303,0.00258998697939753,0.00080499157778421,0.00123457497824381,0.000998589017451443,0.000510279224670206,0.00466851035623384,0.0014311898718195,0.00122971234457906,0.00216570581049548,0.000907741268924997,0.001038419387274,0.000923655055788862,0.000450365349378656,0.000605595822110288,0.00134713416502346,0.00106404498280105,0.00106860150996357,0.0313694035516724,0.0201278540599843,0.00767232063379383,0.00187592835402257,0.00973624679960294,0.00541159883281204,0.0060351502688747,0.00426368505234439,0.00682741760040842,0.00279664112497813,0.00810912759286613,0.00596269842877473,0.0538309056719639,0.027179061374444,0.0121621882468237,0.018557582392609,0.0252209246611487,0.0315233258849582,0.0391389391349186,0.0409264986618293,0.0372240985887772,0.0325747851477307,0.0303849296942307,0.028570910484028,0.0654389709195443,0.0496864504460783,0.0178252767771811,0.00375795200531636,0.00180651942831384,0.00349125904471851,0.00127147105279567,0.00210428277504465,0.00212208835732056,0.00106140778901936,0.000809161314119628,0.00141402527621587,0.0837790490995439,0.0950790038914262,0.0441723817933096,0.0122144484971466,0.0114263034790789,0.00774678635493293,0.0128658039532463,0.0310165797333531,0.0310298365758091,0.016340878307948,0.0259721148589673,0.0315061125622721,0.0119899823147708,0.0347604518492362,0.0344415852546468,0.0226419477219218,0.00836168962555093,0.00599787355136884,0.0130518365277418,0.0186200815621772,0.0207052213196529,0.0197556928952897,0.0231233910326422,0.0231665349379776,0.00722751921474631,0.00263905789040905,0.000943935995221003,0.00218140411652445,0.00241328314138104,0.00211854936945859,0.00315176314816398,0.00271673209510147,0.00165127520054206,0.00123869126759245,0.00192266176792002,0.00144601201044843,0.00281811322011597,0.00164807352074464,0.000651840047723008,0.00167838797480616,0.0013482177642578,0.000608448131076357,0.00187151157047143,0.00194683820777625,0.00187203423860788,0.00260861101073173,0.00333738986774733,0.00408254383742986,0.0188006785637317,0.0141157523668526,0.00520614964367418,0.000930118755900532,0.00217290765229877,0.00389329868665813,0.0046636571283687,0.00281226275144201,0.00141540341856783,0.00213404186112145,0.00143313221563611,0.00379463814843396,0.061432738672879,0.0389323656602241,0.0198106919844704,0.0267724773384552,0.0284147211209041,0.0316971469625688,0.0389596506213629,0.0367839988597457,0.0318955954047038,0.0268753359189929,0.0226220698548711,0.0168978554785766,0.060924593241094,0.0363227607175682,0.0199731094512209,0.00597706508644568,0.000541617325751792,0.00826879935672377,0.00844036690859945,0.00102322100086565,0.00315853456131525,0.00279171683919739,0.00227581971497411,0.00237685726586652,0.0707692535093482,0.0916059813263458,0.0335998915554321,0.0100144115667407,0.0187724665457736,0.0222082459312041,0.0106292277816818,0.0124749240388551,0.0218733591533056,0.0155700901794397,0.00305762149907715,0.0119452084361286,0.0150966505082785,0.0491120115821506,0.0474623226424874,0.0330006746927805,0.0127709671414318,0.0129065212554682,0.0249034780091335,0.0302826962291102,0.0291052597215922,0.0156129503687391,0.0135305836882174,0.0235937650882475,0.00640291928164452,0.00272143120920171,0.00149470660057973,0.000559427075033326,0.00101422017066919,0.00246931873332491,0.000894057027752461,0.000586636437687048,0.000228171478065881,0.00190257338874799,0.00136353373954436,0.00104200691563618
2.04972056154777,1.36785942408856,0.79890610320135,0.878362849018345,0.7200073392078,0.748910092408946,0.83119468511392,0.857832879505186,0.174557480196932,0.35010274105961,0.232356483344317,0.125006192844357,2.40051669432262,0.953334593537338,0.28098360055389,0.666225887245206,0.880827656225808,0.161224618055601,0.56149925570544,0.608347721181843,0.416185296204531,0.391132013768953,0.370257933256417,0.323355387449858,13.3794326625088,7.34061097884,1.46210855989025,0.357016216158542,0.208790665049823,0.472081792655675,1.0926003997423,0.926293392558045,0.67455886563702,0.358836453707918,0.743824197113893,1.06355712170244,22.8818528918169,18.662204764269,6.38337855850544,0.943003768398119,1.97223990857587,3.04060497172132,3.54993871369323,2.83241284526768,1.97718130886831,1.44937970142765,1.2544356007542,0.712509688724818,13.0173716532944,13.5404276955715,4.91395992121637,1.04676494638206,0.445673399948434,0.374171128139726,0.470280225914895,0.176838562440952,0.378723576253109,0.111069988169316,0.0186893071252067,0.144000075653822,6.25744925807001,8.62755185171643,7.97643377448682,3.10110139158163,5.46148458132698,5.69333280223632,4.4668270748646,3.47827259449011,1.4159554140996,1.87403779599462,3.21480643899639,2.8949646905627,0.861200334779709,1.81190847207924,3.01031285070581,3.96781139731,3.30302378290467,1.52980784369222,0.481509511194971,1.32585789575897,2.01196701702354,1.78484194128714,1.70813896110443,2.06584651817189,1.63591287055164,1.8436647975796,0.792297079426982,0.715570338373272,0.936164542955417,0.879705830189319,1.0351022516962,0.731748656126873,0.363679476328323,0.221428062165118,0.317887542439504,0.269988824814178,1.47035991977913,0.13076716563958,0.780089864235182,0.558388545127968,0.300859326357359,0.108568869609146,0.561562584561442,0.660720373846209,0.421172783583601,0.505802089270453,0.594816284918656,0.606522935069283,7.56843075440712,3.7265667899454,1.27432257970725,0.128749450829554,0.217264802855956,0.501520875825243,0.460140295818407,0.705373086051556,0.323546512776273,0.406178686930649,0.119714372604639,0.368031945802588,20.4501932975553,14.8274833886167,6.28523003328998,4.07494313041338,4.44067717132589,4.79428146047836,4.18856911037651,2.81234093655636,2.33402781839026,1.72493156338888,1.20895886273767,0.823726538588203,9.78965783964091,12.0775928442916,4.91424211461542,0.643120442767178,1.23081139770648,1.91400008710068,1.91624101384603,0.347416652295709,0.253168107319353,0.417531247397332,0.275648098686962,0.27032721150757,8.98530798675979,16.512128696127,16.7255688115985,6.17401573984073,0.6764513077475,1.45243281990169,2.29640067112106,2.70034586560693,2.60271866671622,1.55731909436834,0.541496520386746,1.36193622566596,1.91553125668145,2.15657399430393,3.82409854136906,7.99046692042175,6.30455483237898,2.89169216818066,1.12514894015847,2.846769862175,3.32098785963323,2.119031491813,1.2431931170799,2.290763155419,0.571224431397416,1.08139574371214,0.21838528729827,0.566519762472058,0.35042852554028,0.805436831406673,0.374754322408213,0.111264980197083,0.129305968395482,0.260235250127831,0.236340932451909,0.117292211489126
1.6436438733885,0.132971490595172,0.4165522087192,0.305927013346673,0.264077739209025,0.169512920432272,0.330401469083888,0.225435477365188,0.0805430645396998,0.266034620001308,0.286835077591773,0.120404248209475,1.52328104051749,0.316787968567933,0.23632285676155,0.595717676295304,0.523706062230187,0.179679147244054,0.282633872658598,0.270215618485242,0.207097015174148,0.139608937017544,0.109896295800458,0.111208041668445,13.7771674515039,9.29188913184093,4.33242106000266,1.99051938471063,0.402499922172286,0.687217822389481,0.734928049747985,0.337818768403247,0.584510317444701,0.198518503034324,0.233148387083485,0.232826523018569,0.987212325275788,20.5964945032889,8.47126321557164,3.18197265486181,2.17572174743874,3.12630615298,3.56417532578856,3.02910369957353,2.6348091629874,1.87775937896218,1.73589043475234,1.28741848021863,45.62758353258,24.2815451254089,2.13223593852771,1.16187428990732,0.569378041825064,0.569589274336635,0.122076319838371,0.202639185029573,0.157126392004956,0.036749163428087,0.0711583266021547,0.019717616850774,14.8779519882849,20.4683024684318,5.54508932525088,3.47837579342401,1.68344784403886,2.38865872110102,0.767255038821341,0.109096023947183,1.12162270162655,1.30731442767048,0.377173392543239,0.0310160992661856,17.8225032467124,12.836837073851,5.11732584709924,3.97717802630866,2.06319943699479,1.11931334327552,0.508167457533203,0.544411503592392,0.950862462480585,1.11685823211462,1.05318020736305,0.597162215583099,2.80950250180481,0.277791685366849,1.0328379758727,0.260342330843244,0.0989057684867099,0.0882907872942726,0.17895262302734,0.100330877953865,0.0900829273254835,0.126656690352974,0.0925219581994979,0.0497505355685348,2.81404729269155,0.804775531023998,0.447285938752313,0.158937175024719,0.106780289770627,0.109559677271022,0.14718797870696,0.0702529147904089,0.0295760315533158,0.0573329480415784,0.0709047078058184,0.0827950427370829,14.4891777904337,8.54603170715261,3.5819984457101,0.783211241869638,0.396599140729085,0.329427059457173,0.236965741823201,0.198940743129232,0.152136403924944,0.090838835046135,0.144811753717436,0.0987318120755614,17.6375999959494,25.7273555502305,11.9418400409414,3.49057493157234,2.79941763314862,2.57675313202696,2.85898754010115,2.17450971330657,2.14612517109124,1.73105767364456,1.78155903663958,1.20818014037714,43.9632021492754,24.3413711568854,1.6914495454998,0.732807201723574,0.540745183479332,0.363460283756787,0.648231189573455,0.391515807887005,0.371510472011413,0.26062631746635,0.273038745469685,0.210987922179183,24.8528173072055,22.7547161727871,3.45275547868339,2.60485084760788,0.681181681333018,1.07440347161112,1.42904357418593,0.732411973388597,0.949050859678326,0.657366678316215,0.307320394097833,0.271471568950769,22.0829572679042,18.6324537070304,8.41350568629746,1.68804418253077,1.8197803118079,0.960018666232316,0.292381550207348,0.188214546468194,0.724743613839188,0.114187563731997,1.01678198166859,1.27808519769523,2.97698615089618,0.463556031181396,1.09989812207146,0.644759355938769,0.197337469338115,0.131975991448283,0.0814324344671914,0.291149744432277,0.153768659603379,0.189678222887993,0.185170952091785,0.132162168843837
0.0235651742010255,0.268836535424907,0.207942727532766,0.425508162483436,0.226839041246721,0.177128628750764,0.200229866207999,0.275960957625812,0.0365889453844321,0.159550560183074,0.0960632317162844,0.0164257649760722,2.1230169534827,1.05305741662741,0.0911692352981286,0.0808749402873503,0.34234281800398,0.121898567930073,0.240365833800155,0.194117301089363,0.191504757816867,0.0858245116440654,0.154237105770229,0.0780638584431849,17.6908581268252,12.3753829002335,5.10290947423363,1.03397341663085,0.314850374451821,0.936159100329382,0.0417751079078444,0.328797003424901,0.413422000504065,0.415042470635494,0.386500226657386,0.464605436023912,14.7255400641419,28.5210281247042,17.8145320349641,6.10381000408579,5.39063175797937,3.20320966583114,2.08285811486902,2.2812661556218,2.18925905848213,1.84673994657259,1.88094073682194,1.78845730917573,3.37895341985356,11.0975525645356,9.02418204552009,2.75117335796513,1.68278638782155,0.846934383091421,0.31905617674562,0.0553030612882009,0.345600698096929,0.349114610234057,0.159411973190352,0.0730662793288612,7.96777515855428,6.45627458168662,1.88551819048442,5.16092942005877,4.67963073346789,1.1733128788786,1.64293886886264,1.95984851361388,0.784986577216968,0.262481609093105,0.643754119385227,0.718004769320408,6.93763716145977,8.44465358412996,6.85350316327552,3.23257320331885,2.83677192794966,2.96343991454197,2.38771313290404,1.55587242792601,0.82997212544987,0.310774555628258,0.649141414542484,0.570816074918,0.275844596228333,0.939644165002776,0.360517829450714,0.0911709121990563,0.205381879720706,0.23487148250044,0.273063104270984,0.145755590569303,0.0709998493861886,0.0221691448965608,0.101097853351484,0.0796652278606027,0.938642143085367,0.180427943936614,0.444942815206552,0.216765678656906,0.0977316380069394,0.0498145772169442,0.12556156698439,0.161755610958434,0.0775500342411721,0.0942663256672082,0.111100108096727,0.111816406968108,11.65008392824,7.34898895465981,3.36733256478199,1.02244590446496,0.377882104304643,0.28587671975884,0.305240355080754,0.251895569337232,0.193106544291768,0.0686935702264446,0.0806550707281545,0.0985003882916057,1.26460858744618,26.2542407168378,17.3858299084496,6.87180595340089,4.60002388863728,3.13801795859293,2.63117380431056,2.41091991307768,2.4580783129402,2.24620464366228,1.92507809501564,1.52237350376836,17.3918962389835,17.3034748877386,6.43849499471626,0.8425250977478,0.931419591326362,0.827015019168604,0.730401910609639,0.191440979280075,0.53748101282948,0.340083469985078,0.175337654130705,0.198337527631651,0.464184638011961,5.41341407846086,5.80146582439415,3.64637587692099,4.05486539726261,2.00985070085646,0.270097052776351,1.55140949373396,1.46109033048429,0.531797998150165,0.219822490569922,0.288157525470328,5.72070907971791,7.70671981796153,9.48050872840863,6.70881910019788,3.5702728522094,4.00905488113416,3.8423779767621,3.34364435471188,2.7407162181942,1.38786236891929,0.583671054251929,0.598729691569474,0.548677630283185,0.0620319609096735,0.399418699754844,0.442381752044471,0.0181921558217709,0.194837836241433,0.174749252449063,0.130559074802831,0.10416548964533,0.114143707395375,0.125674603562208,0.063413354473935
